4.167374527072188 6.0
5.968726536877496 6.0
6.186036534131992 6.0
6.274570765087383 6.0
4.54332135063689 6.0
2.836049372999582 4.0
4.138078215076508 4.0
5.118578890369743 4.0
5.377051076688356 4.0
1.9273047748682068 4.0
3.9805168859606948 5.0
2.365212375214967 5.0
3.2127160531846077 5.0
4.286390479623164 5.0
2.9769206507024144 5.0
4.280738382046815 6.0
4.2916957500919555 6.0
2.8205798652951657 6.0
5.7178497751061474 6.0
5.055629953406373 6.0
3.306321527613565 4.0
5.204542490400542 4.0
6.077926782587503 4.0
5.311137198536095 4.0
6.023532621855217 4.0
3.8094564236764747 5.0
5.929466827158189 5.0
5.096534702712331 5.0
5.722895043731005 5.0
5.448281769536886 5.0
5.550502188560171 3.0
5.383119971743171 3.0
4.769411421440159 3.0
1.9199560131183733 3.0
2.1345430971515684 3.0
4.117510485700461 5.0
3.391840162770795 5.0
5.589886076453035 5.0
5.628186460347381 5.0
6.146891314736667 5.0
5.0034194801304155 3.0
4.113012058867714 3.0
5.629010638135831 3.0
2.293010628276732 3.0
2.9933533953252316 3.0
5.414707456373893 5.0
5.299721973262472 5.0
6.14961023004046 5.0
5.762651346732495 5.0
4.036868545687273 5.0
4.662906423206322 5.0
4.343312967017559 5.0
6.049004663818175 5.0
5.411336022268981 5.0
5.665463150959158 5.0
5.707537328566175 6.0
5.291819397028904 6.0
5.131883963585228 6.0
6.184012008685612 6.0
6.5726944277762005 6.0
5.365606826594871 5.0
5.8754736302584885 5.0
5.490153238882347 5.0
4.507033171676112 5.0
3.6801573392496696 5.0
3.8499449651807565 5.0
3.772070324804757 5.0
5.964006102316879 5.0
5.007504524173431 5.0
4.191575132244529 5.0
4.395269410813192 6.0
6.029811581710696 6.0
5.166586420817636 6.0
5.62409220045239 6.0
4.554244603560181 6.0
3.703312208495487 3.0
2.835280874314456 3.0
3.59973735234259 3.0
2.5799076203158866 3.0
1.9516712123418214 3.0
4.824295443192709 6.0
5.238687182594723 6.0
5.264849420847932 6.0
6.197010153051508 6.0
5.8075488608455625 6.0
3.6323901496581033 4.0
3.105688037722941 4.0
2.3107866791623093 4.0
4.503767307527281 4.0
4.723489355362948 4.0
5.253621945007815 6.0
4.243134165799231 6.0
4.915748348768551 6.0
5.510174887502156 6.0
5.107936819188082 6.0
3.3332517563960833 6.0
4.657376431245389 6.0
4.8574403992659825 6.0
5.043079359350982 6.0
5.1762251454299255 6.0
1.4339957492318023 3.0
2.915437101527203 3.0
3.286694348130925 3.0
4.282600538153789 3.0
2.9744084056379174 3.0
4.881474133176489 6.0
5.624558215796295 6.0
6.448228306371417 6.0
6.606292758675969 6.0
3.2918718013826402 6.0
4.1104197915549605 6.0
4.593412857748188 6.0
3.714378523924718 6.0
5.750307947226398 6.0
2.6372419309823627 6.0
2.941721686839892 3.0
3.411876165042118 3.0
2.3682981295219077 3.0
4.51759318686862 3.0
3.8879183407015443 3.0
4.066981503954119 3.0
3.210844868154629 3.0
4.286145683751959 3.0
5.59972367049714 3.0
2.9426397682892644 3.0
4.846811494925825 3.0
2.980767354320535 3.0
3.404971006840549 3.0
4.134923528488624 3.0
4.130505175089475 3.0
4.340783146540047 3.0
5.565057003916112 3.0
5.758596632279453 3.0
4.345177053246623 3.0
3.8098296036840162 3.0
4.0254094753889955 4.0
1.945388203600746 4.0
3.203428302041222 4.0
3.2809843287763543 4.0
3.5582037086172886 4.0
4.405462862061091 5.0
5.502109569347457 5.0
5.029312291677178 5.0
4.592072969516878 5.0
4.579152488009236 5.0
3.1241219735450994 3.0
2.5067090008013024 3.0
3.4604941672171257 3.0
4.382485186927428 3.0
3.252533239076671 3.0
3.567000352132177 5.0
2.5140492846508353 5.0
2.1235016354383176 5.0
5.4584703236918015 5.0
5.961563134683118 5.0
2.319374040480223 3.0
2.716066997857635 3.0
4.549571981213361 3.0
1.9867293651751587 3.0
2.0414471950009028 3.0
4.235934200466799 4.0
3.476982911024389 4.0
4.136284781612089 4.0
2.3370378424916542 4.0
3.7667236815966194 4.0
3.2695254597968635 3.0
3.2988091790019465 3.0
3.518862532009568 3.0
3.1932173026744173 3.0
4.299041858457437 3.0
6.333674307762245 5.0
5.464614147761964 5.0
6.711078661549759 5.0
5.870874599286794 5.0
5.176871256965105 5.0
5.119956441245263 5.0
5.069657082838719 5.0
4.756619654037505 5.0
4.686893242208229 5.0
5.593557950343586 5.0
4.795354919721286 5.0
5.01983819116166 5.0
5.9781937695556735 5.0
5.033367794042261 5.0
4.9425523236380595 5.0
4.153005754088537 3.0
3.641427503214073 3.0
4.45847163178106 3.0
5.308031260081924 3.0
5.089944476322524 3.0
4.62813313626618 5.0
3.4086147709543386 5.0
3.9389037151023536 5.0
3.207701662322101 5.0
3.884228727644941 5.0
4.800691211627667 3.0
2.7649160649797246 3.0
5.296972996950724 3.0
2.9667183872743577 3.0
3.0940962221182513 3.0
2.1483746916650404 5.0
6.064015766412884 5.0
4.379802288971625 5.0
5.556452691897828 5.0
4.901611220887469 5.0
5.898734320209312 6.0
6.166866567523846 6.0
5.622417870878155 6.0
5.954940133507119 6.0
6.174893530747041 6.0
5.261228752404421 5.0
5.80169654426455 5.0
5.350512424805521 5.0
5.312040785565932 5.0
4.2991757768038275 5.0
4.646858204531664 5.0
4.2666557769766404 5.0
5.796269732613841 5.0
5.287592521887022 5.0
5.519499471298359 5.0
2.828793770056872 7.0
4.482498459108194 7.0
5.257409907611027 7.0
5.5798479861086845 7.0
5.813173573643889 7.0
2.29148011824131 4.0
2.9179015075292316 4.0
4.076693983804386 4.0
2.7955988165606236 4.0
3.932826683962226 4.0
3.287062517758097 2.0
4.001936715332752 2.0
4.8846123619202615 2.0
3.1705217718715044 2.0
4.513791326004678 2.0
4.596825780662006 5.0
3.5623116224254527 5.0
4.955326232374956 5.0
4.026535413686752 5.0
3.7396377155798697 5.0
3.9181688337457747 5.0
5.271649415351055 5.0
5.630711106742522 5.0
5.241128486956244 5.0
6.359453540301592 5.0
5.247617264260156 6.0
3.0584342024052895 6.0
4.6599876441566765 6.0
3.342471649422182 6.0
3.780169536246397 6.0
3.5993316220532114 7.0
5.566547987020559 7.0
5.22993158011693 7.0
4.1639952672083975 7.0
4.1576189585321774 7.0
3.850815966476035 3.0
3.0710416186172096 3.0
3.61819955730677 3.0
3.1267200830827155 3.0
3.986544310859212 3.0
3.31379251970166 4.0
2.6973855369570945 4.0
3.5219517008999635 4.0
3.6753438023523377 4.0
3.392218636856473 4.0
5.595356931687377 4.0
3.125329170652786 4.0
4.419071936122777 4.0
3.776607391425296 4.0
3.7897692788061916 4.0
3.7804153097518993 4.0
3.9828482263966283 4.0
6.315733792533147 4.0
3.0629241571644106 4.0
5.979014712110834 4.0
2.5345258980679106 1.0
1.9294063351421171 1.0
2.3053744330759725 1.0
2.797281510115267 1.0
1.3841654475828953 1.0
5.69248132595343 6.0
5.59576488259076 6.0
5.726102024438744 6.0
5.474572524897803 6.0
5.6595172413965855 6.0
5.937657858966912 7.0
5.8104935753104465 7.0
6.320512813701892 7.0
6.335212615239952 7.0
5.723666942833425 7.0
1.3504855198382866 0.0
2.8144840529902337 0.0
3.8392396719036026 0.0
5.139506573879985 0.0
4.3553219909021434 0.0
2.4309112257181273 1.0
2.585626734283927 1.0
2.8944867239045124 1.0
0.9255953590387553 1.0
2.1686166145405217 1.0
3.9516117597348948 3.0
3.318839820972532 3.0
3.9501081984504345 3.0
4.003956213119404 3.0
2.6611524866407947 3.0
3.354019500784023 4.0
3.4619394716129643 4.0
4.836013299689251 4.0
2.720861291287927 4.0
2.311911373532283 4.0
1.894544068809328 4.0
2.4309103074120713 4.0
2.928782000441155 4.0
3.0132390517915817 4.0
2.7038957623505593 4.0
1.8208453307110353 4.0
2.5928059808826687 4.0
3.1162664361718067 4.0
3.084168994177497 4.0
4.359908618618991 4.0
2.9519624015979926 3.0
3.4067920301421135 3.0
5.420257254414286 3.0
5.073743222104899 3.0
4.50774195545816 3.0
3.3966919328985585 5.0
3.8159986118382894 5.0
6.54292330558998 5.0
4.419152163609357 5.0
6.157780421913554 5.0
5.005317191425689 5.0
5.950290338965737 5.0
6.535181645794283 5.0
5.5785346952301404 5.0
4.919206396336115 5.0
1.744110096973353 1.0
1.663213579534625 1.0
2.4055063570950233 1.0
3.380152407755514 1.0
2.731388381546141 1.0
4.158728426248749 4.0
3.8882634843930086 4.0
5.111543455553943 4.0
3.4438522042970483 4.0
2.7536410692549875 4.0
4.922942655015054 5.0
5.467061851217967 5.0
5.678579691641623 5.0
5.662308735922763 5.0
4.3013496167848 5.0
3.0860513612134404 1.0
3.0472389439256733 1.0
2.1992973491460925 1.0
4.15428021565171 1.0
5.221839457063419 1.0
3.604688484085813 1.0
2.7979712123390117 1.0
2.9857938613566657 1.0
2.6253456895934666 1.0
2.1807531102898325 1.0
5.087382761566743 5.0
4.0991667739820095 5.0
4.376808094702128 5.0
4.7709200878184745 5.0
5.756974638666543 5.0
5.6368904681443945 5.0
5.930385697204003 5.0
5.531230317220283 5.0
5.132452166045012 6.0
5.021904321678847 6.0
5.389219478914268 6.0
5.156695045957475 6.0
5.763455525166727 6.0
4.708075696468688 6.0
5.257009478426853 6.0
5.607467162752247 6.0
5.707693048059272 6.0
5.788522263491114 6.0
2.1359855695909844 4.0
2.8589616234159236 4.0
4.2639272694938235 4.0
4.914336800528151 4.0
4.634273705187665 4.0
4.470027604688803 3.0
2.959678021423669 3.0
2.6340643728440427 3.0
2.123405512869611 3.0
3.7242072482223723 3.0
3.218359739893568 4.0
5.600727223646321 4.0
4.636847870329868 4.0
4.138627437986563 4.0
3.5567926471455165 4.0
2.2935969814935064 3.0
2.316846883323866 3.0
1.8136537607950338 3.0
2.977109255334329 3.0
2.9803705957477384 3.0
4.282692757243 6.0
3.4228470692036264 6.0
5.609837460170071 6.0
4.249818674906711 6.0
5.228018529631236 6.0
1.6768655554756715 1.0
1.2682743326694947 1.0
1.5672353569058521 1.0
1.452597062928468 1.0
2.8555971559351025 1.0
0.3101002173152533 0.0
2.1083133123278293 0.0
1.5114827919442377 0.0
1.094002573017138 0.0
1.1771216321532896 0.0
1.8659630583095257 3.0
2.435627536090739 3.0
3.234208557326613 3.0
2.145223131966817 3.0
2.124601956740205 3.0
1.903450627734393 1.0
2.0775179943236783 1.0
2.55100894671065 1.0
1.9058647464313194 1.0
3.6032020617200984 1.0
4.71017369882215 4.0
5.282679456476262 4.0
3.327784061084159 4.0
4.91090360231358 4.0
4.497749547831889 4.0
2.381939486914135 5.0
0.8940447786506823 5.0
3.921259468020063 5.0
3.646462396853126 5.0
4.422259549509921 5.0
3.987143682353813 3.0
4.677935011041873 3.0
4.853097687972708 3.0
2.3903164063349482 3.0
3.4486994550488275 3.0
2.276466984337392 2.0
2.3255749081568933 2.0
4.3863846756262665 2.0
1.9235690206457392 2.0
2.73123347863737 2.0
2.1484942148976236 2.0
2.088344140213696 2.0
3.0679823314812618 2.0
3.080526815115996 2.0
2.519353453800294 2.0
5.834498097614394 5.0
2.4635503500557983 5.0
2.3134367705250427 5.0
4.612170378080978 5.0
6.213313087656395 5.0
3.3174826912347437 5.0
4.586687272541687 5.0
4.29702184852317 5.0
4.269091890464829 5.0
5.0041865648376715 5.0
4.338145640433532 4.0
4.396937030399449 4.0
1.761989092587212 4.0
5.771908921084623 4.0
4.05798813809667 4.0
2.872352026525035 3.0
3.2794768029173036 3.0
5.026327487643469 3.0
3.918918289699617 3.0
4.955294388808723 3.0
1.7039196699676555 3.0
1.5497488453863 3.0
1.7761063759520512 3.0
3.6022727319349346 3.0
3.482260032128252 3.0
2.8298524612304483 5.0
4.261145877426383 5.0
3.8006566094335112 5.0
4.186444118942176 5.0
4.657614498963435 5.0
5.074529783880459 3.0
3.24779939440753 3.0
4.17947263515427 3.0
2.8955482816823888 3.0
3.1311445039055696 3.0
2.0656052377129663 5.0
2.6808488219406503 5.0
2.1344980583951543 5.0
5.9253244829782625 5.0
2.5924734424238256 5.0
2.49957567652773 3.0
1.660726686880419 3.0
1.3989750096536366 3.0
2.497575120198913 3.0
2.673349032349021 3.0
1.3910849101646618 5.0
1.6410194915105514 5.0
3.460883276648167 5.0
3.935985548928065 5.0
5.6690958321245715 5.0
1.5937924976853404 3.0
2.148694235224321 3.0
1.1572319998554212 3.0
3.068865019460033 3.0
4.522840989283289 3.0
1.996814208060796 3.0
2.1719750130787827 3.0
4.269188817952921 3.0
2.3435101688292304 3.0
3.419648074529241 3.0
3.534222952332177 5.0
4.049423230897306 5.0
3.354828087342464 5.0
3.7415127268600035 5.0
5.259427596461058 5.0
0.7416618166344963 3.0
2.2027760135944967 3.0
0.1825140029313301 3.0
3.260399728083221 3.0
1.6687479316394636 3.0
2.553850240717404 1.0
1.9549561341546715 1.0
2.2681958687124166 1.0
2.7017960537153316 1.0
3.019550017130174 1.0
3.487909686032266 6.0
3.255381996139986 6.0
2.9738986692336282 6.0
3.8820351457242386 6.0
2.278440721999973 6.0
2.06660033225269 2.0
3.357976297353089 2.0
2.0835621591314424 2.0
3.902780466371451 2.0
4.109075506367761 4.0
3.19384081541966 4.0
5.382887433120937 4.0
4.210584517892484 4.0
2.3013518018588934 4.0
4.655767922247353 3.0
5.094674518397261 3.0
4.324393865806236 3.0
5.821909814319928 3.0
4.348071811856153 5.0
3.6909076796831854 5.0
5.399675226604593 5.0
4.677743343797869 5.0
5.442156032197937 5.0
3.2412040798955717 3.0
3.7482753334465984 3.0
3.048388206500135 3.0
2.933210778958939 3.0
4.427631707687222 5.0
4.438327211504715 5.0
5.6778582108677735 5.0
4.599188003916746 5.0
5.534192718768013 5.0
4.363531509196165 5.0
1.7220345057033684 5.0
5.9197120666245 5.0
5.413319352953167 5.0
4.583448096533659 4.0
5.093525307715089 4.0
2.7707066796875615 4.0
5.938098819742944 4.0
1.9364952806190974 1.0
1.8109726688019694 1.0
2.358366272852901 1.0
2.7832229195374762 1.0
2.588709565787789 1.0
4.360162724581306 5.0
4.2392366427790416 5.0
5.083034938622535 5.0
4.583313266852913 5.0
3.406064913302284 5.0
4.457473511788994 5.0
4.965313922285187 5.0
6.273195908037153 5.0
3.539480609447218 5.0
4.671148286816953 5.0
2.943007215261325 7.0
4.944760564672075 7.0
5.758215014425506 7.0
6.031422774894196 7.0
6.360971500788684 7.0
3.898084737057779 5.0
3.77757191249047 5.0
5.243008317060185 5.0
4.022441124366679 5.0
4.317030555649602 5.0
4.728930747479274 7.0
5.860806018470312 7.0
6.059111360197668 7.0
3.354666497973 7.0
5.762680975978805 7.0
5.181729803189972 4.0
4.500852703345015 4.0
4.910529224147189 4.0
4.989670013466857 4.0
5.0761072698060525 4.0
3.9992243691386995 4.0
3.799729995900441 4.0
4.082114954454145 4.0
4.151275903600084 4.0
2.8988401964466015 4.0
3.114492053563287 4.0
3.3497656155136286 4.0
2.580328049830134 4.0
3.208726845401896 4.0
4.16567241300587 4.0
3.482855744419606 5.0
3.671511141280315 5.0
4.133777502768909 5.0
3.3206508855063968 5.0
4.177727101546604 5.0
2.8365420041643583 4.0
2.77005506645166 4.0
1.8410598927063344 4.0
3.957393006963243 4.0
3.8013755055675738 5.0
4.6994883736124375 5.0
4.3818846121139305 5.0
4.344820192563714 5.0
4.625397069736108 5.0
4.189843746536504 3.0
3.3080633813344242 3.0
4.119279063213008 3.0
2.6146208957003636 3.0
2.8180633990388806 3.0
2.6097791352997315 1.0
2.2942527636898684 1.0
2.511958568445641 1.0
1.7886257291989909 1.0
2.4161370794516444 1.0
1.920319369871006 3.0
3.7782265381939557 3.0
3.033494302057514 3.0
1.7208611672373688 3.0
3.5221976195622147 3.0
4.439614194924855 3.0
3.950375438977473 3.0
3.644098099019773 3.0
4.832664518462692 5.0
4.131890179851596 5.0
4.9395337176908685 5.0
5.0843433408362175 5.0
4.994052474243106 5.0
2.9297022713697527 5.0
4.345505383628547 5.0
5.2466443633922415 5.0
5.058934993967545 5.0
3.544359193447696 5.0
2.810015016446599 3.0
3.831438496246392 3.0
1.8080305186171857 3.0
3.400217867628554 3.0
3.401776672765495 3.0
2.708837655799164 3.0
2.42986355317532 3.0
4.366282978244508 3.0
2.275333384056131 3.0
2.873736793421762 3.0
2.6520972237481253 2.0
2.1695678299257537 2.0
3.5729084215538016 2.0
2.459358048375846 2.0
2.1220373366564536 4.0
3.1394436410072646 4.0
4.86367502465081 4.0
3.33957767102988 4.0
3.3034959910980906 4.0
3.8542110922021178 2.0
1.8713829619909725 2.0
2.6027252057492367 2.0
1.770790713638092 2.0
2.5252699429852288 2.0
5.993248877861126 3.0
4.476447051070977 3.0
4.341572001058629 3.0
3.129737936788091 3.0
4.414529021850762 3.0
1.528390902550498 5.0
3.9897597956806967 5.0
3.9084718616390965 5.0
5.1032423117549275 5.0
4.914418438411174 5.0
6.1050133012516214 6.0
6.144509361613508 6.0
6.0478435820688015 6.0
5.796294143123454 6.0
6.593474556886944 6.0
2.9235717103560486 2.0
3.2889805133519245 2.0
2.9260525064393827 2.0
2.5846335849291706 2.0
3.388646728170427 2.0
2.999738715901379 3.0
3.1887831730601834 3.0
3.751649913663552 3.0
2.204917838332592 3.0
3.2280909793360677 3.0
2.2455056091358263 4.0
2.4985260952518806 4.0
3.660130382691062 4.0
3.365966520915118 4.0
2.6580030340745697 4.0
3.710508116792304 2.0
2.628787143131897 2.0
1.7658164704458776 2.0
3.4518029340333634 2.0
3.332621393069032 2.0
2.947556116538993 2.0
3.2263951843355048 2.0
2.7802445898294206 2.0
2.5768706508988326 2.0
2.3280678680440214 2.0
3.7526735406433107 5.0
5.2518604073331305 5.0
5.76941384111341 5.0
5.9523319100130045 5.0
5.699919623982548 5.0
3.6925207331097245 5.0
3.6037915187185208 5.0
3.6122888397749353 5.0
2.0393911257441646 5.0
2.742173673701922 5.0
4.1093503781836125 4.0
2.3746168160092127 4.0
4.578075227960394 4.0
4.341528059002077 4.0
3.749051503864562 4.0
3.5016035381034762 5.0
3.1722594703779787 5.0
2.4947074743501467 5.0
5.217930123678821 5.0
3.8236515027473086 5.0
3.5353340557670214 3.0
1.9731144555622693 3.0
2.5935126443673164 3.0
2.641782765873595 3.0
2.6209551001462312 3.0
3.2211461618323947 3.0
2.6313959386179295 3.0
3.954709291525782 3.0
2.77664995192976 3.0
2.4399256011943606 3.0
3.639621070054771 5.0
1.7086943168861508 5.0
1.7849857896854684 5.0
5.075840860999304 5.0
2.864143847962986 5.0
3.9031779470028267 3.0
2.5847528795953805 3.0
2.789089155666669 3.0
3.6880481669567464 3.0
3.04438274572411 3.0
2.9362075912632664 3.0
1.7968254392333605 3.0
2.7853477147020396 3.0
0.8938325582177237 3.0
3.974211251074836 3.0
2.288081302379302 3.0
2.3893650322598763 3.0
2.104001022476287 3.0
4.516689308101005 3.0
2.7539743125951945 3.0
2.200355163985229 3.0
2.6710506278294592 3.0
2.861458143920659 3.0
4.0071842785398895 3.0
1.7062977273965643 3.0
2.836547807957402 4.0
2.96215246112811 4.0
3.43773576285843 4.0
4.39029240027922 4.0
2.9987070756713345 4.0
4.011863387269162 2.0
2.866264974160616 2.0
1.4629323752887924 2.0
2.310177390125156 2.0
3.5678263371345333 5.0
2.6465373193973813 5.0
4.200195025062798 5.0
2.651261708518769 5.0
2.186410795797111 5.0
2.762706016557012 3.0
1.7487168217779292 3.0
2.5361631892252743 3.0
1.9593212402264912 3.0
2.100597852449184 3.0
3.693496094610413 2.0
2.571140708392402 2.0
3.5030271341240304 2.0
2.8871665090272964 2.0
3.4852174885278058 3.0
0.9486916592509651 3.0
1.6567175143261261 3.0
2.787518042788838 3.0
2.1559077827887885 3.0
3.8078126605659466 4.0
3.9166024112936904 4.0
5.284142516654357 4.0
4.6711510355195065 4.0
5.072541219255073 4.0
2.4352682027504327 4.0
3.932965749179159 4.0
3.084640725631533 4.0
2.471051730000816 4.0
3.5146596695273087 4.0
3.798769518462295 4.0
2.4501333073037443 4.0
3.4289490508586447 4.0
2.3954136699999693 4.0
2.521784517600811 4.0
3.7424273317680345 3.0
4.015197180628169 3.0
2.476027733680104 3.0
4.68113114207635 3.0
3.7866159156803243 3.0
4.319373175535314 4.0
2.5492230910599094 4.0
4.519579219376049 4.0
5.268954688212327 4.0
4.832677704777949 4.0
2.383420908548106 3.0
2.5492927797382947 3.0
3.529704757546244 3.0
2.2681014440770477 3.0
2.5303823565741004 3.0
3.7803542044484026 4.0
1.9929265174368276 4.0
3.1892480823415417 4.0
5.580199656740494 4.0
2.158216593537768 4.0
2.239638193884203 3.0
2.525671248020657 3.0
3.5426164507531412 3.0
2.9352002676696785 3.0
2.5182000315543993 3.0
2.853399071545157 2.0
3.8721213007331095 2.0
3.1104650182422406 2.0
2.739083800939659 2.0
2.0843183389929187 2.0
1.9093707590414464 1.0
1.191845723004271 1.0
1.1011382405660257 1.0
1.0445914821488476 1.0
1.5780223383542626 1.0
2.418570711361268 4.0
3.477884330731621 4.0
4.321624606709376 4.0
4.426015957244624 4.0
4.493614648752261 4.0
3.1135890024142725 6.0
3.43857850012797 6.0
5.279804147530645 6.0
4.039049201738113 6.0
4.781481829372846 6.0
2.8094561022337023 4.0
2.757698808837655 4.0
1.773167299750647 4.0
3.176035392136823 4.0
2.6907988110485284 4.0
2.5145650321557613 2.0
1.7007852020749477 2.0
2.768250544753795 2.0
1.1129610478643182 2.0
2.3222384124615685 2.0
3.0635044564908056 2.0
3.5080901446851103 2.0
2.1178916595449366 2.0
2.0175637240220747 2.0
4.373822275282437 2.0
4.920173292259551 4.0
3.1429387820783323 4.0
5.032992921428413 4.0
4.855180326356492 4.0
4.787866891502729 4.0
2.873302501785501 2.0
2.234753991874493 2.0
1.6140111322472428 2.0
2.8890867473014006 2.0
2.781229134695628 2.0
2.855302477245658 3.0
2.3429599112635353 3.0
3.267085985967136 3.0
1.76213403180827 3.0
3.065508992452849 3.0
2.4783692550335097 2.0
2.4552706285544375 2.0
2.6469868240942547 2.0
1.8537455590987828 2.0
3.7495781933354673 2.0
1.9906669125950849 1.0
3.5052163627586896 1.0
2.1346936664636456 1.0
1.0402613576204245 1.0
1.5385900760964442 1.0
1.5862407481969776 3.0
2.224406508359153 3.0
0.7542445894235787 3.0
1.8962376051415164 3.0
2.6036281308812357 3.0
0.6847754311816417 0.0
1.5366006965047072 0.0
1.5642855448038893 0.0
0.9340399587163961 0.0
2.221715816617208 0.0
1.1127916365307782 2.0
1.7729402272328123 2.0
2.0758093604409997 2.0
1.3122668536987772 2.0
2.0255781972792564 2.0
1.9999602927134503 1.0
2.458162073113496 1.0
3.2204170203840503 1.0
1.5904911059652207 1.0
1.5981649378505718 1.0
2.9474406768982955 3.0
2.872218623744816 3.0
2.781812164002403 3.0
1.381375482484261 3.0
2.4066334938453493 3.0
1.7679876684793392 1.0
1.9327927516211496 1.0
2.501542906189833 1.0
4.49706836991477 1.0
3.0751122068091363 1.0