5.076921265732318 4.0
5.2039685924445935 4.0
3.9924632852340456 4.0
5.389567021634916 3.0
5.7896007477789535 3.0
4.8185360657737135 3.0
5.2801925071181675 2.0
3.231256730782534 2.0
3.149260731010584 2.0
5.58845076231893 4.0
4.0113184025658635 4.0
4.32381545222192 4.0
5.417530148997676 5.0
4.023393960032348 5.0
4.817659249080104 5.0
4.758417191582973 5.0
3.5254801683802683 5.0
5.548595578854558 5.0
3.320615893400619 4.0
4.5498171936217435 4.0
3.735985817904243 4.0
4.974133789251592 5.0
6.215397884930696 5.0
5.532521324378333 5.0
5.040093349460809 5.0
4.027753897132527 5.0
4.318075336955356 5.0
3.2309563825758363 3.0
3.003667181150754 3.0
3.6989293055975643 3.0
4.978792333558778 4.0
4.80017872421059 4.0
2.6760344228732333 4.0
5.152968768716056 3.0
4.370157441106652 3.0
2.0065111279291306 3.0
4.2255839212615225 4.0
5.075659294234817 4.0
4.063803347741652 4.0
5.414077248283488 5.0
5.617084824315055 5.0
5.479659699097008 5.0
2.307920944762364 4.0
3.901030896117544 4.0
3.249986477789764 4.0
4.662840759178697 4.0
4.845307991785765 4.0
4.568650592213594 4.0
3.1321984049958576 5.0
2.890148519978942 5.0
4.382069755493197 5.0
4.622044961389559 5.0
4.0056531819697145 5.0
4.436807178308315 5.0
5.095581533551043 5.0
5.863067073285163 5.0
5.0719937162034965 5.0
1.9174219000255588 5.0
3.0206107497842565 5.0
1.467345223077284 5.0
6.121942708796968 6.0
6.017510759401788 6.0
6.372243032611751 6.0
4.126458087988526 2.0
5.987926731780837 2.0
4.130615068815526 2.0
5.819226766293677 7.0
5.484003046821453 7.0
4.040794018091416 7.0
3.6891641760003764 3.0
5.14428997958486 3.0
5.026413861979898 3.0
6.056451863161862 5.0
5.9620495325102105 5.0
6.342976298772558 5.0
6.130715823766385 6.0
4.28134202124164 6.0
4.917770639941342 6.0
6.35290842167205 4.0
4.68637307228977 4.0
5.953706619053554 4.0
5.872526816580846 6.0
5.186366406636739 6.0
6.247447088015309 6.0
3.4868419819736753 4.0
4.2814974169559745 4.0
5.251884828389236 4.0
5.932441778200817 5.0
5.647863244651199 5.0
5.4911709787099685 5.0
6.1829507516011875 6.0
5.539709512202009 6.0
4.2177431835266965 6.0
3.7727207054217815 3.0
1.2708455885297416 3.0
3.4395258976046277 3.0
4.346959304061291 4.0
4.217197232523594 4.0
5.758606346586513 4.0
4.003021558670821 5.0
5.36680765785097 5.0
5.996011482342683 5.0
5.767386947864471 5.0
5.173867124999292 5.0
2.8595031238828104 5.0
5.01574585672059 5.0
5.497486096357029 5.0
5.119226667602583 5.0
6.014918148329934 6.0
6.42226666507165 6.0
5.7201504016073725 6.0
5.156755032919588 5.0
5.29146283054195 5.0
4.247221795786091 5.0
3.2421878130601063 4.0
4.4958998353618895 4.0
5.4885648038053825 4.0
5.318621339394185 5.0
3.6715642438027163 5.0
6.001616352686297 5.0
5.465142146995901 5.0
4.3926367789390435 5.0
3.1967843887756766 5.0
4.054775181832862 3.0
1.909501461643936 3.0
1.8960722269084083 3.0
6.12959171379751 4.0
4.809513352876319 4.0
6.168878665085226 4.0
4.488553529932774 4.0
3.7009662742922567 4.0
3.6230435487992274 4.0
5.775764070506968 4.0
5.134270810428944 4.0
3.743349818734228 4.0
5.627218053307422 5.0
5.504404041217744 5.0
5.2074565949266045 5.0
6.012735907038042 4.0
3.6197937583713675 4.0
3.6405529761338684 4.0
4.801702561842477 3.0
4.579165730667991 3.0
4.692051439352925 3.0
4.80492367660622 4.0
4.8747430232969595 4.0
2.53742624264773 4.0
5.062495942922033 3.0
3.7456216457219162 3.0
1.7753191020485966 3.0
4.967447906965301 3.0
4.366675712098607 3.0
4.004333466485851 3.0
5.050281257879953 5.0
2.9331269133241156 5.0
5.18499419090507 5.0
3.9515283157210543 5.0
5.579627034619769 5.0
4.145633748594402 5.0
5.039288143941132 5.0
4.6953446375634105 5.0
4.828035919986364 5.0
4.217858192109267 5.0
4.07697181858281 5.0
5.104767800530887 5.0
3.1915649084066375 5.0
4.362641267509743 5.0
5.554375238918518 5.0
5.123273377845788 5.0
4.830716566894747 5.0
5.654549708891242 5.0
3.4817881083484683 3.0
3.724850626071606 3.0
3.290069484792702 3.0
4.579710503290117 4.0
6.212805075770756 4.0
3.9219012917023175 4.0
2.6277005822729476 2.0
4.601677625411084 2.0
3.3372156577295184 2.0
1.5677067930265496 1.0
2.7227787946958713 1.0
1.8366545332118094 1.0
4.004119885214192 3.0
3.611822938020108 3.0
3.711967987048895 3.0
6.368139877882394 6.0
5.985628216385084 6.0
4.4886706219973345 6.0
5.333372631858498 5.0
6.529823291701083 5.0
4.65901386634841 5.0
4.460877241158153 6.0
3.1937559272054106 6.0
6.192377378849457 6.0
3.098556509232761 5.0
3.7267912820240614 5.0
5.589312302728381 5.0
5.5660321810980635 5.0
4.365636347973223 5.0
4.4795825867092365 5.0
5.007648471254951 5.0
5.070350389189623 5.0
5.262163639531984 5.0
4.603994950348812 5.0
2.927373006346508 5.0
4.419307332941552 5.0
4.652868639103125 4.0
4.8468260394026315 4.0
6.033278567541565 4.0
5.5213299268491856 5.0
5.40663490739002 5.0
5.172110159411528 5.0
5.514753260288007 4.0
5.059879962596892 4.0
5.361360307767224 4.0
5.456873518842359 5.0
5.044029017954713 5.0
5.87013218327328 5.0
1.5879944489178737 2.0
3.5236945050445994 2.0
1.1033266280764564 2.0
2.0067117780467587 1.0
2.845998976689243 1.0
1.7683003201937426 1.0
1.39464291104924 0.0
1.6509800092550169 0.0
1.4670468499258755 0.0
5.14582170569821 3.0
2.0412434574623544 3.0
1.88984437486089 3.0
1.4479408311110964 0.0
0.9502995178431675 0.0
1.785712635511965 0.0
1.5860207331141745 0.0
2.747833451701161 0.0
2.0729407079422892 0.0
2.781098249743342 5.0
3.5179661302861214 5.0
4.685413720081102 5.0
3.3380758776932296 3.0
4.60741623616963 3.0
2.6704595386714716 3.0
5.1516520140953475 5.0
6.097281379214949 5.0
5.792501228268706 5.0
2.303895050393038 5.0
1.9904193778674644 5.0
1.9743735814766064 5.0
2.2987375523453832 4.0
2.015846148144374 4.0
3.299764124858602 4.0
2.579975349602993 2.0
2.9079167712197336 2.0
2.152628737199831 2.0
4.963999188183039 3.0
3.036536354470963 3.0
3.1002941210406996 3.0
2.541118248285214 5.0
3.3271736450516474 5.0
3.5358190856585274 5.0
4.331978412995862 4.0
2.551039840643365 4.0
3.207701723846668 4.0
5.714158748710392 6.0
5.1770393876501695 6.0
3.5937462224810135 6.0
3.2496077819036278 5.0
3.1459606028794984 5.0
2.9722287929014044 5.0
4.4540169384953865 5.0
4.420916126200272 5.0
5.659226819221977 5.0
4.581405054364143 6.0
4.595558935150955 6.0
4.895310608423305 6.0
2.83856475138932 5.0
4.583190840094092 5.0
5.114782031205417 5.0
3.998895386079192 4.0
3.9570506385855277 4.0
2.930884342094756 4.0
5.189419522719279 7.0
5.524680787026464 7.0
5.225623015662499 7.0
1.9871137727132675 3.0
2.4685482583402956 3.0
3.2902077790328947 3.0
2.8518499724214434 1.0
2.621373732200294 1.0
2.4538654470503904 1.0
3.322736197382364 2.0
2.6069823502205525 2.0
2.9264475662916274 2.0
2.409776275523478 4.0
3.604825204808794 4.0
3.4275358806365417 4.0
2.134241898297274 1.0
3.6233843188740162 1.0
0.9931452849743698 1.0
4.738565528718632 3.0
3.2153290014493803 3.0
4.2247829394790095 3.0
3.864900355195268 5.0
3.2984541389783955 5.0
2.818126849025779 5.0
5.352216437987706 5.0
5.371403977816306 5.0
3.7693321739373493 5.0
3.173187735139168 4.0
5.252569079710798 4.0
4.404605035528331 4.0
3.6450912741042516 4.0
3.4068991266557576 4.0
3.4176220867971727 4.0
3.1185692974363404 3.0
3.7876796306674416 3.0
2.262535065204334 3.0
4.7772791178700285 5.0
4.022731547734623 5.0
3.8669532706658494 5.0
5.527511562483166 4.0
4.577453835582188 4.0
5.601856887749361 4.0
4.872679600779024 4.0
5.348727324307521 4.0
2.7071460434857038 4.0
3.2140358585952193 5.0
4.396683387761135 5.0
3.5767629111789594 5.0
6.135446337709894 7.0
5.707852702017609 7.0
5.876746633241613 7.0
5.326409897664913 6.0
5.612954790387028 6.0
4.7699620014169035 6.0
6.135111154529952 5.0
5.448767945724008 5.0
5.536916392533014 5.0
4.8050881065382605 5.0
4.729072774034283 5.0
5.308769683609855 5.0
6.564441919196982 7.0
5.224054705529838 7.0
6.249450463499588 7.0
4.69632135532105 4.0
5.992210504029666 4.0
3.9638420231892324 4.0
5.359115112177947 4.0
4.516364682611178 4.0
5.632780743642976 4.0
3.973428818782983 4.0
2.756827517135514 4.0
3.2946160449219786 4.0
3.433958609265619 5.0
3.7325207834965024 5.0
3.4096330401900445 5.0
1.700392580287326 1.0
2.937656739048146 1.0
2.1388293885664504 1.0
3.277747789371989 4.0
3.094479105081495 4.0
4.284738335509039 4.0
3.5249300537284767 4.0
3.1606800030974567 4.0
4.180759605405281 4.0
4.377935728845153 4.0
5.251092435754411 4.0
2.905175864202521 4.0
3.203425612740529 3.0
2.1782430054137594 3.0
2.9687322729783046 3.0
3.912541606326126 5.0
3.5689376646384487 5.0
2.249562880934004 5.0
4.844951417684556 5.0
4.872493754502663 5.0
5.390573568395237 5.0
2.9171126406407866 3.0
3.310878905357819 3.0
2.2327461158751953 3.0
3.9944882855002874 5.0
4.5694583248113005 5.0
4.886446690117881 5.0
3.039433063411817 3.0
4.3759976656119335 3.0
3.122352891549141 3.0
4.832111777253708 5.0
2.874300858260945 5.0
5.63772661567092 5.0
2.4372522842280144 2.0
2.389206631473665 2.0
4.577608798676992 2.0
2.1120992280887023 4.0
3.660317649566947 4.0
2.5847441498772454 4.0
4.555950061804824 4.0
3.0279985318524116 4.0
3.33548815405155 4.0
1.1128950788595915 2.0
3.443077305994317 2.0
2.5954720256763983 2.0
3.456091215917993 5.0
3.787144513799362 5.0
3.6239435877533617 5.0
2.727357005756002 3.0
2.481370032322417 3.0
3.747018234541663 3.0
3.4101886267800934 3.0
4.448183125988508 3.0
4.325947704123344 3.0
2.6759009802995384 3.0
3.451455965884181 3.0
3.4381957809152035 3.0
2.671083215867579 3.0
2.718327276329717 3.0
2.635153372171161 3.0
4.532203934303743 5.0
4.123820540583842 5.0
3.2192993273712847 5.0
2.08126311648942 3.0
1.052941622529666 3.0
1.758803330905461 3.0
4.625748784887735 5.0
3.185298157131263 5.0
3.385276653822223 5.0
3.3023679316720815 4.0
4.392248692121674 4.0
3.529522502632638 4.0
4.007653905177594 3.0
2.015536492860743 3.0
3.8725885001442975 3.0
4.114180778088931 3.0
4.245388534855985 3.0
3.1167716531985423 3.0
3.2705310006735253 5.0
2.4323585502357323 5.0
3.2271795679264055 5.0
1.6387770243140576 2.0
0.753653729615216 2.0
3.6544194596158186 2.0
2.9028792460226076 4.0
2.6946756691664056 4.0
5.715274933215086 4.0
5.393159272388147 5.0
3.5971743055774676 5.0
4.19092237966315 5.0
3.979362843166114 3.0
4.751260889387531 3.0
4.571364091259748 3.0
2.7393320550160407 5.0
3.8026749651595617 5.0
2.6826192837917278 5.0
2.6176336433884297 4.0
2.9243242807625105 4.0
4.028273765337256 4.0
3.2970959317621387 4.0
2.9621982715600317 4.0
3.3394250035113107 4.0
1.8846592548699586 4.0
4.487412328483873 4.0
3.888092491584825 4.0
4.387239947999438 5.0
3.928152882077214 5.0
2.522611316981623 5.0
3.842734115010312 3.0
2.6824234336551958 3.0
1.41047167308454 3.0
2.3150356106544643 1.0
1.6154660249135209 1.0
1.6902508489697874 1.0
4.1746305135646065 4.0
2.8446205117831287 4.0
2.3587755363124545 4.0
2.5864759432680833 2.0
4.050596052827741 2.0
2.310104101774636 2.0
3.322650540679444 4.0
3.4454700051871416 4.0
5.092447859489599 4.0
4.672293120565603 3.0
4.446140200273472 3.0
2.2010875704845687 3.0
1.0771200655094548 1.0
1.4091633781464563 1.0
3.502572924795892 1.0
1.4380951373427608 2.0
0.9304258382473954 2.0
1.8578871792424019 2.0
4.751678803180469 4.0
1.932198955715554 4.0
1.9426167035711455 4.0
2.272681115036107 4.0
3.072990769130347 4.0
3.3945791019057747 4.0
3.8791980697807045 5.0
3.5247296318149326 5.0
3.211663817895163 5.0
2.0485121780556854 4.0
2.5756017115598113 4.0
4.001133643184107 4.0
3.711364925444221 6.0
3.9804968836802903 6.0
1.5634475903183316 6.0
4.044814323543737 5.0
2.5306663380177397 5.0
3.243216745903963 5.0
3.0612120753926817 5.0
4.92312502576085 5.0
3.8595752463501904 5.0
2.717413870745695 1.0
2.034515875112148 1.0
1.8885094657789057 1.0
3.094439346185853 4.0
2.7024639623263105 4.0
2.359300217054269 4.0
4.385595399386024 6.0
3.704401057974995 6.0
2.9400083557557317 6.0
2.1368461830158783 1.0
3.2117151826816976 1.0
2.218266666106514 1.0
4.055775141239981 3.0
2.3271615812094666 3.0
2.7514506392044558 3.0
2.8183302709876417 2.0
3.0641860688064293 2.0
1.7399404865930563 2.0
2.250165144978993 3.0
2.4275122910701854 3.0
3.1638727228637733 3.0
2.407825760577456 5.0
2.698711815050171 5.0
2.3896794771461 5.0
2.32435663412439 3.0
3.2908309561767397 3.0
1.4951151682927157 3.0
5.3982382463553265 5.0
5.106742507972751 5.0
4.97858506987992 5.0
3.1341253889317215 1.0
1.5406630421240808 1.0
2.271312250990962 1.0
2.3869513302437606 2.0
2.794494866670897 2.0
3.9486249404574885 2.0
2.367523601276727 2.0
2.0030525999592137 2.0
2.4206100126768537 2.0
3.639184001910309 0.0
3.916816267973616 0.0
1.2447126912523208 0.0
2.613762687838429 3.0
3.0588688793088927 3.0
1.6799672546348663 3.0
2.6136760179177583 5.0
1.5467263614927655 5.0
3.0955328569910243 5.0
3.6387714066480723 5.0
1.8024915717744 5.0
3.865739536563989 5.0
0.8802508854231141 1.0
1.2162291813785906 1.0
2.2192456386935824 1.0
2.3560842615398347 0.0
2.8180903087645612 0.0
1.4714507995866135 0.0
1.4560331824956936 2.0
1.905786645899344 2.0
2.8804336569470483 2.0