4.11115140153519 6.0
6.047682854491341 6.0
6.238680977173351 6.0
5.600449799340596 6.0
5.136195869492821 6.0
3.0121239193416374 6.0
4.2530265974627435 6.0
5.103458830668535 6.0
5.1977628861669265 6.0
2.2576895425447012 6.0
4.700635292236815 6.0
2.6077946076741885 6.0
3.6173001059912355 6.0
4.732264714276722 6.0
3.3628581351235285 6.0
3.9790499040231757 6.0
4.152806361948745 6.0
2.9928843758311308 6.0
5.92790776994218 6.0
5.329063690002665 6.0
4.043645376868215 5.0
5.680156277705322 5.0
6.063094747820908 5.0
5.268563890458614 5.0
5.668638774165568 5.0
4.197885540027174 5.0
6.15969266197428 5.0
6.020904231097801 5.0
6.158602061273038 5.0
5.698074094413013 5.0
5.757815147170567 3.0
6.046911737338318 3.0
5.048181956746199 3.0
2.4547726319227197 3.0
2.97508185544926 3.0
4.493247309688431 6.0
3.6355069338406767 6.0
6.014000279686819 6.0
5.093706003190466 6.0
5.579674016283736 6.0
5.60615179445589 3.0
3.9845954966384465 3.0
6.425404456755854 3.0
2.420760964716307 3.0
3.1400459102057146 3.0
5.929187012418449 6.0
5.307133988145812 6.0
5.9602490159628605 6.0
5.561304163437803 6.0
4.582705557871847 6.0
4.438086469857067 5.0
5.164515202647269 5.0
5.638625017561173 5.0
5.20325899526393 5.0
5.620418268197826 5.0
6.212367615864084 6.0
5.388506507312662 6.0
5.836107730784965 6.0
6.331075567870345 6.0
6.270171158833082 6.0
5.96804357531611 5.0
6.1889966513132135 5.0
5.505798859785004 5.0
4.783279923854912 5.0
4.232171501096532 5.0
3.6333117209918133 5.0
3.5017890867308386 5.0
6.189875900831333 5.0
4.7883298967352115 5.0
3.679092265971839 5.0
4.35393813507581 6.0
6.001385444251243 6.0
5.468218124327608 6.0
5.99246901383024 6.0
5.186170139576283 6.0
4.509087341901043 3.0
3.0413855592260157 3.0
4.068369651326932 3.0
2.8958134020633106 3.0
2.1239378336972767 3.0
4.889606529475764 6.0
5.210536742278964 6.0
5.752895015812292 6.0
6.338478154680305 6.0
5.770681240407421 6.0
4.041663873257519 4.0
3.505793883455058 4.0
2.8385964200831997 4.0
4.738989853168423 4.0
5.185634460928897 4.0
5.773151715465498 4.0
4.403076304191672 4.0
4.9656998493047935 4.0
5.5448553928454825 4.0
5.053771370031602 4.0
3.35904266181627 6.0
4.8156245989172275 6.0
4.588680269051893 6.0
4.919014501914516 6.0
5.674243975337544 6.0
1.4852332393852443 3.0
3.441199081585767 3.0
3.7257096754937433 3.0
4.082915769705542 3.0
2.9901631759095526 3.0
4.9562954708963565 6.0
5.990838878818098 6.0
6.326520328201993 6.0
6.66992723745313 6.0
3.300312866252018 6.0
3.8229496005066084 7.0
3.818256207794857 7.0
3.89435522087881 7.0
5.61055382262169 7.0
2.6158880115857293 7.0
3.644014686822763 4.0
3.7379240742201305 4.0
2.5235926676409504 4.0
4.850875617301295 4.0
3.8784217301582866 4.0
4.028035269004608 3.0
3.5327895905370545 3.0
4.239088497603766 3.0
6.004436570122896 3.0
3.1053135713074935 3.0
5.872999818185679 3.0
3.1318696211498254 3.0
3.2358034074880395 3.0
3.9914760490851298 3.0
4.156208724516497 3.0
4.374188517741707 4.0
6.176122568467211 4.0
6.073780770454967 4.0
4.558885249291855 4.0
3.989274040322162 4.0
4.552632137112374 3.0
2.133509605460072 3.0
3.8488533623800314 3.0
3.979867789001559 3.0
3.739429950297003 3.0
4.921938132429263 4.0
5.791604600640379 4.0
4.953511532370575 4.0
5.128608884072215 4.0
4.161889667667932 4.0
3.6270929272843753 4.0
2.431158611698289 4.0
3.7583914728001937 4.0
4.224239660109656 4.0
3.7960349216156244 4.0
3.9173999897102196 5.0
2.9350497051918776 5.0
1.8213877830316876 5.0
5.007006127242904 5.0
5.49151632556299 5.0
3.1229237753340873 4.0
2.93455748875862 4.0
4.4957841114146175 4.0
2.7819706712639767 4.0
2.3357957658373563 4.0
4.057260467285576 4.0
3.475917395260069 4.0
4.454716921906112 4.0
3.8117727035424496 4.0
4.085029901082732 4.0
3.22019684966179 3.0
3.653801095588454 3.0
3.8924789946645784 3.0
3.237433803585842 3.0
4.490286688862806 3.0
6.509593087560593 5.0
5.65046731309808 5.0
6.3448112349450305 5.0
5.417471587896262 5.0
5.694315318434294 5.0
4.839794146042166 5.0
5.335881957955764 5.0
5.070261903250665 5.0
5.031321711607925 5.0
6.4342843809635015 5.0
4.723688204905001 7.0
5.4883248828166336 7.0
6.338677641453078 7.0
5.625103983966601 7.0
5.364981302640926 7.0
3.322599404950539 4.0
4.019838024721758 4.0
4.732055371170114 4.0
5.169003273496375 4.0
5.267209938523016 4.0
4.1904711738566185 6.0
4.274361911855 6.0
4.2506087196861735 6.0
3.130337513453915 6.0
3.854087876811569 6.0
5.305210995724659 4.0
2.962499481362467 4.0
4.943308627864067 4.0
3.3024024018794966 4.0
3.415178795210717 4.0
2.7806810991781146 5.0
5.813151216625038 5.0
4.549516567691631 5.0
5.68214823479646 5.0
4.842510895249332 5.0
5.925984236537181 6.0
6.271525918856718 6.0
6.148477426092498 6.0
6.1051997516511545 6.0
5.595441406652814 6.0
5.434136835968042 5.0
5.862827870596692 5.0
5.192562619725248 5.0
5.551454578977028 5.0
3.8645820873143983 5.0
5.368492357122103 5.0
4.943851673063172 5.0
5.92107718171376 5.0
5.550864985641901 5.0
5.560638283744982 5.0
3.7239832157461272 7.0
5.6059954193555015 7.0
5.755928313825409 7.0
6.183874318924319 7.0
6.088106348476631 7.0
2.638292558714047 5.0
3.563432832419036 5.0
3.705187582355649 5.0
3.2578894674242327 5.0
4.175523487467119 5.0
3.847825883841631 3.0
4.249841067974175 3.0
4.918328230760221 3.0
3.716121275915329 3.0
4.489280528367046 3.0
4.916683336756845 5.0
4.236146116195887 5.0
5.294224113949664 5.0
4.0170708393375945 5.0
4.024653564873991 5.0
3.328254572108911 6.0
5.782054604027401 6.0
5.5479743725304695 6.0
5.828680326578101 6.0
5.739884733717721 6.0
5.256139339230425 6.0
3.1410361729662437 6.0
4.535806492750916 6.0
3.686227517498303 6.0
3.5523622705205287 6.0
4.592777685770502 7.0
5.509396949887725 7.0
4.992750949130855 7.0
4.604942139320255 7.0
4.569826606568485 7.0
4.080309165975396 3.0
3.332706825323199 3.0
4.465663019012395 3.0
3.449230712117874 3.0
4.286886273889222 3.0
4.11541562026508 5.0
2.822015347161247 5.0
3.2843487888292002 5.0
3.304325592081512 5.0
3.7946084135010274 5.0
5.3383744282422665 4.0
3.1525803300952377 4.0
4.580129417561029 4.0
3.603571839147362 4.0
4.264305809684955 4.0
3.9539392316931212 5.0
4.31704103789126 5.0
6.334964802852213 5.0
3.8835362532942845 5.0
5.641253771571399 5.0
3.087468414597816 1.0
1.871783471691207 1.0
2.704225990076262 1.0
2.5624755134173856 1.0
0.9463295670804445 1.0
5.489481523275209 6.0
5.959521890400024 6.0
5.821764067356751 6.0
5.7851765009870375 6.0
6.3323828986249024 6.0
6.161283794765033 7.0
5.765678627939651 7.0
6.499378002833928 7.0
6.561347152033151 7.0
5.6593391302075196 7.0
1.172433288753737 0.0
2.490014161077578 0.0
4.2692623488255785 0.0
4.825177188258366 0.0
4.815096318747623 0.0
2.858040193086231 1.0
2.500549436563165 1.0
3.1354023528778816 1.0
1.9413524395711597 1.0
2.1472570049762876 1.0
3.446207827293429 4.0
3.8277505574698796 4.0
4.662078461860509 4.0
4.266156319244974 4.0
2.7324246203601916 4.0
3.7928913340122072 5.0
4.171124272740171 5.0
4.705452514877348 5.0
2.7116969338296064 5.0
2.4714096890644046 5.0
2.1625793040224988 4.0
2.7608352489273846 4.0
2.775969633557479 4.0
2.688058950888163 4.0
2.8396437473398284 4.0
1.9445157861646545 4.0
3.137593131899522 4.0
3.3568606785603485 4.0
3.4905799448270356 4.0
3.6085011159358995 4.0
2.6964833512228688 2.0
3.847554047498803 2.0
5.98637171031689 2.0
5.388319155732105 2.0
5.086442455383694 2.0
3.345993098682119 5.0
3.7775394077773115 5.0
6.3015577825180245 5.0
4.385218899388165 5.0
6.110721727138964 5.0
5.358960642796022 5.0
5.3576210476891 5.0
5.988665883736748 5.0
5.499130619675732 5.0
5.086256347415797 5.0
1.6226522550023528 1.0
2.0515519841997585 1.0
2.5116140256766664 1.0
3.4191240848997015 1.0
2.6665283386389804 1.0
4.255307428082623 5.0
3.6400233837918714 5.0
5.455585608610548 5.0
3.571457760837811 5.0
2.760280162610943 5.0
5.272052624181778 6.0
5.238577880185252 6.0
6.125185024439391 6.0
4.396123281954776 6.0
4.673801669104473 6.0
3.701614200974111 2.0
2.969113430625297 2.0
2.9673100463304047 2.0
4.072035878067717 2.0
5.178787579867877 2.0
3.6512877623611755 3.0
3.3349035300995804 3.0
3.0515904133431144 3.0
2.3779409729175014 3.0
2.304087107361714 3.0
4.769892781068956 2.0
4.088496878258247 2.0
4.6548722397926126 2.0
4.731959735873058 6.0
5.913022926677585 6.0
5.382625007293771 6.0
5.411851782625749 6.0
4.944003739942417 6.0
5.273035241950201 6.0
5.211621483592556 6.0
5.467920025132861 6.0
4.741011891442014 6.0
5.370162097808887 6.0
4.870231155656152 6.0
5.410139576405965 6.0
5.752360433653864 6.0
5.593027908462679 6.0
6.08077410927266 6.0
2.224715291327879 4.0
3.3131576853945743 4.0
3.723428771686942 4.0
4.730544487769724 4.0
4.535931292064051 4.0
4.432112423067972 4.0
3.035697233623764 4.0
2.1435877394916254 4.0
2.0582625208075753 4.0
3.3539239582127416 4.0
3.395236330222544 4.0
6.038527901000933 4.0
4.85508775037691 4.0
4.755097074647724 4.0
4.056824241038267 4.0
2.5230219586548435 3.0
2.777509009412477 3.0
1.6154763084871 3.0
3.1213196012337927 3.0
2.676242319523937 3.0
4.58659273712149 6.0
4.313308097506165 6.0
5.833053089163179 6.0
4.504963578793356 6.0
5.308968865898753 6.0
1.0871969449287937 2.0
1.143443538463109 2.0
1.5891154373701086 2.0
1.2471496090515373 2.0
3.2742192978713613 2.0
0.4217185622586237 0.0
1.788524349159986 0.0
1.2933861318190507 0.0
0.9375408405306129 0.0
0.9522372469533946 0.0
1.8077767119868344 3.0
3.1130817518728677 3.0
3.1979271042101884 3.0
1.7513040408375498 3.0
1.8320801092545254 3.0
2.0397365878843536 2.0
2.2196705300103945 2.0
2.557667576202582 2.0
2.00960509236522 2.0
3.8894451738983067 2.0
4.4074797638007315 3.0
5.148241161597878 3.0
3.851738297821973 3.0
5.6645253221167895 3.0
5.859523202528331 3.0
2.1884076067853417 5.0
0.8801750350929373 5.0
4.12693761504637 5.0
3.4859407944393555 5.0
4.902945530531802 5.0
4.248863226689643 2.0
4.640370539693044 2.0
5.089290345637925 2.0
2.6960985005528992 2.0
3.413502015419561 2.0
1.8322914550215033 2.0
2.379166998075604 2.0
4.36681563695772 2.0
2.1297620098159267 2.0
2.538485509695933 2.0
2.135599892814002 2.0
2.3514991449808016 2.0
3.7340890179754522 2.0
3.169527462733846 2.0
2.239265464725377 2.0
5.869794100203056 6.0
2.7745647939649283 6.0
2.0859009414121843 6.0
4.735225661953963 6.0
5.84364580281965 6.0
3.7326612031167725 5.0
4.514004716124686 5.0
5.147468639174117 5.0
3.6882323433824604 5.0
5.198598109633969 5.0
4.418451722869521 4.0
3.541471752656689 4.0
2.054546104489734 4.0
5.8127130210339555 4.0
4.438753546585591 4.0
3.527819293370797 3.0
3.7887013839366404 3.0
4.9946925235582915 3.0
4.350463787692144 3.0
4.939979225187295 3.0
2.1158920155303766 3.0
1.7340494004336027 3.0
2.188890920396812 3.0
3.716021173872266 3.0
3.306410908979027 3.0
3.629632791924038 4.0
4.144235301890311 4.0
4.735006384856181 4.0
4.536285834722084 4.0
5.040403060466369 4.0
5.1367951035214485 3.0
3.8347090303046723 3.0
4.5630241168791175 3.0
2.7791142452290387 3.0
3.277193743105472 3.0
2.3969403733363484 5.0
2.920090873494506 5.0
2.041160946926794 5.0
5.332332689554539 5.0
2.7389551600854607 5.0
2.359217741553706 3.0
1.802955010048872 3.0
1.7488064107888983 3.0
2.832905064235302 3.0
1.99837549679303 3.0
1.7670817035648865 5.0
1.8695945845518434 5.0
3.685092317340879 5.0
4.653215904171187 5.0
6.293620683797719 5.0
1.6193539314335044 3.0
1.9178095759992169 3.0
1.108257675434219 3.0
2.84296415141977 3.0
4.971648604835058 3.0
1.7125921748721935 3.0
2.657734141797498 3.0
5.143794543332054 3.0
2.7340548194925756 3.0
3.4717087488418974 3.0
3.5752236289727963 5.0
3.487766150730229 5.0
3.591465736020147 5.0
4.036661475755684 5.0
5.190701324131855 5.0
0.6370924174453434 3.0
2.638825774652811 3.0
0.5220674523320339 3.0
2.8131547960396 3.0
1.7849432524435498 3.0
1.5675036701334604 1.0
2.08499848698261 1.0
2.42681806982052 1.0
3.3011595859023366 1.0
1.9137755675850778 1.0
3.994344073227627 6.0
3.2742348730812942 6.0
3.2188731324950237 6.0
4.328700337710776 6.0
2.415973214280893 6.0
2.4734359479447416 1.0
3.4969856661353953 1.0
2.4541975956126514 1.0
3.6813168958704563 1.0
4.1546173730827185 4.0
3.085534352301134 4.0
5.042344407007502 4.0
4.605776852969233 4.0
2.782216162426293 4.0
4.772110941489597 3.0
5.055965318141124 3.0
4.5420628175908195 3.0
5.369478649679215 3.0
4.389394955414188 5.0
4.079506050485762 5.0
4.905666826057696 5.0
5.0638375275576095 5.0
4.9455128738229215 5.0
3.564836244779609 3.0
4.191339230802875 3.0
3.700044807246471 3.0
3.6120621730925824 3.0
4.555948274577346 5.0
4.577032582541721 5.0
6.021912093896561 5.0
5.246944582463863 5.0
5.398896975182979 5.0
4.302411570366172 4.0
1.2969786116686943 4.0
6.102357818140848 4.0
5.896072993027673 4.0
4.887771229343375 4.0
5.073453258935934 4.0
3.686762361532642 4.0
6.034593702581852 4.0
2.0972982629508787 1.0
1.8584357768916462 1.0
2.6096148956845586 1.0
2.967785619589152 1.0
3.3545037980736647 1.0
4.140805031229208 5.0
4.568487294327611 5.0
4.734491297879061 5.0
4.637027427149939 5.0
3.217468946011657 5.0
4.779742312114429 5.0
5.431976487147045 5.0
5.930358743255676 5.0
3.5815103105297452 5.0
4.774226423892858 5.0
2.980554851493814 7.0
5.3447790108048565 7.0
5.909872198902932 7.0
5.941424390415029 7.0
6.524247969394233 7.0
4.156255114011702 6.0
3.925719187918987 6.0
4.9073222382278106 6.0
4.055984569647998 6.0
4.3202834402777945 6.0
4.836706173256139 6.0
5.832429528432852 6.0
6.181213883256732 6.0
3.2716780580983587 6.0
5.304697772841524 6.0
5.2381188503742475 6.0
4.3342908437353325 6.0
5.778313817306094 6.0
5.617449643214538 6.0
5.633512323935479 6.0
4.677056585166358 4.0
3.881793890012899 4.0
4.487618790816673 4.0
4.642119252428007 4.0
3.9778144816767944 4.0
3.598066990884597 5.0
3.2812008246274873 5.0
2.960971002309061 5.0
3.5097890159253478 5.0
4.504326218398612 5.0
3.751924902476158 5.0
3.3723964357207423 5.0
4.23788604233671 5.0
3.442809351753918 5.0
4.326416459575908 5.0
3.083702488957851 4.0
3.398204397460898 4.0
1.7991359969880154 4.0
3.7186454728876 4.0
4.384219729478059 5.0
4.652971272291352 5.0
4.467995114119207 5.0
4.656267721496502 5.0
4.774557833079221 5.0
4.173986253030279 3.0
3.6170355149267475 3.0
4.763999989889394 3.0
2.85278302301664 3.0
2.7050957306997336 3.0
3.1628413168091614 1.0
2.5827921991181717 1.0
2.022231525408879 1.0
1.562762418659328 1.0
2.4583001644372855 1.0
2.243514662934073 3.0
3.9857348544304503 3.0
2.575075863860659 3.0
2.1600636556022716 3.0
4.181972767108271 3.0
4.7497296634810935 3.0
3.824972969290154 3.0
4.5464623978040635 3.0
4.929754800602775 6.0
4.46028319867934 6.0
4.79840698040856 6.0
5.099596260326504 6.0
5.071301905661805 6.0
3.2353828289930404 5.0
4.563405595223752 5.0
5.7938249016223065 5.0
4.759647682048559 5.0
3.5212221968791972 5.0
2.939027002723305 4.0
4.1294549747893585 4.0
1.7144880084818952 4.0
3.8861363036559347 4.0
3.2808868356467173 4.0
3.4273946568217064 3.0
2.6236004748791197 3.0
4.460744802853252 3.0
2.4893691829175695 3.0
2.263624835886976 3.0
2.870190452927164 2.0
2.4702897561923427 2.0
3.2530981639057974 2.0
2.8280385188461135 2.0
2.2745530669604137 5.0
3.6029969727718445 5.0
4.090278429649538 5.0
2.9954118374833314 5.0
3.6051966332580263 5.0
3.2418234700882427 2.0
1.8593638723423764 2.0
2.9616660203145626 2.0
1.9193311206385042 2.0
3.0450387570856803 2.0
5.972424581513897 3.0
4.448574981371223 3.0
4.948778905098094 3.0
3.4310721653831227 3.0
4.072842926532672 3.0
1.58689414908665 5.0
3.6017393611114383 5.0
3.7381389032874806 5.0
5.515980096853542 5.0
5.155994475103453 5.0
5.946294892281338 6.0
6.098779144773809 6.0
5.9260587997015115 6.0
5.680394984582039 6.0
6.717919629713977 6.0
3.254283851007434 2.0
3.8415050613802166 2.0
3.3963961599013763 2.0
2.5231652660828203 2.0
3.192127400763466 2.0
3.734067979751477 3.0
3.579856815894476 3.0
3.9486251893765045 3.0
2.6713761861000695 3.0
3.7159378568081856 3.0
2.2182281003668147 4.0
2.920750799805665 4.0
3.7768974082151914 4.0
3.1171908511441493 4.0
2.3954243032410956 4.0
3.9371262532288425 2.0
1.8671447440113282 2.0
1.648964582378318 2.0
3.6414937596217274 2.0
3.4557431038906836 2.0
3.422122078339691 2.0
3.0241939979659946 2.0
2.8710418077262676 2.0
2.049964123287514 2.0
2.575968415258282 2.0
4.344309779825357 5.0
5.256377668269301 5.0
6.270793808274804 5.0
5.758954687554211 5.0
5.400998524295993 5.0
3.61880665070315 5.0
4.374655644679344 5.0
3.7221764404429805 5.0
2.34135414333361 5.0
2.960663847334027 5.0
4.469712519989565 5.0
2.7575233564205774 5.0
4.371555744966741 5.0
4.370204311078569 5.0
2.8832974672749647 5.0
3.11447749251738 5.0
3.1812756412689485 5.0
3.1476711882882835 5.0
4.958180769511372 5.0
3.822587673282169 5.0
3.9256350182206967 3.0
2.5735836704777073 3.0
2.731083220493911 3.0
2.4920533770964344 3.0
2.62352398443047 3.0
3.4542636925108066 3.0
2.822193631660192 3.0
4.0730082934162795 3.0
3.172017805003772 3.0
2.7632955462096915 3.0
3.4725814857496173 5.0
1.8013661606415499 5.0
1.4724535368150897 5.0
4.792536083412255 5.0
3.6083242088756644 5.0
4.07989643474865 2.0
2.43937144025653 2.0
3.0747736631856015 2.0
3.7716956872268534 2.0
3.075932979817717 2.0
2.8073411522556753 3.0
2.0550890353513838 3.0
2.4780536242058537 3.0
1.4117238298372214 3.0
3.5345292341740233 3.0
2.357071947259616 3.0
3.036678719263746 3.0
1.9774705220243698 3.0
4.988484235524293 3.0
2.5305872318780382 3.0
2.238048853147533 4.0
2.9751598662817633 4.0
2.942588455816581 4.0
4.032302020792397 4.0
2.1077081567377336 4.0
3.159872107609408 4.0
2.80032267144932 4.0
3.713412871494572 4.0
4.276724422068387 4.0
3.519765940156551 4.0
4.108045239479965 1.0
3.0261194712294297 1.0
2.06722096974231 1.0
2.1058411700159363 1.0
4.1638792202116415 4.0
2.491841164329903 4.0
4.328816247385338 4.0
2.7366065720692823 4.0
2.5161505387708556 4.0
2.1308603523362124 4.0
1.909750986674731 4.0
2.5127312773015404 4.0
2.274136879567898 4.0
2.22683113742434 4.0
3.4483818445814594 1.0
2.171096214981716 1.0
3.5753196130015756 1.0
2.5353646809230876 1.0
3.2547864900321226 4.0
1.3945920142233081 4.0
1.759370366117728 4.0
2.515936295083487 4.0
2.387517848552984 4.0
4.218916017779526 4.0
3.686596207809453 4.0
5.277933535385019 4.0
4.962773342773829 4.0
4.949120026550107 4.0
2.6603281257196327 4.0
4.088339284828106 4.0
3.7858011940115643 4.0
2.716427189862234 4.0
3.324468421249959 4.0
3.8318504543653584 4.0
3.0812050323137012 4.0
3.1287309042364337 4.0
2.9565888317883946 4.0
2.4842972848950082 4.0
3.6570534515772963 3.0
4.6124036367019965 3.0
2.4435096501249642 3.0
4.499991286816166 3.0
3.9177597744856394 3.0
4.612814909529915 4.0
2.8401996426489733 4.0
4.849324692531117 4.0
5.387285214947165 4.0
4.900089500353916 4.0
2.439591172637841 3.0
3.239773576245341 3.0
2.9641403174826304 3.0
2.2153183448931606 3.0
2.280767704494926 3.0
4.432761618538305 4.0
2.700887408620346 4.0
2.646802935267644 4.0
5.260116504071757 4.0
2.748152613675727 4.0
2.416978125566711 4.0
2.390599743299463 4.0
3.3835317981546167 4.0
3.352695138564825 4.0
2.4746202887431874 4.0
3.014103692018954 2.0
3.825890952395733 2.0
3.6001635824015525 2.0
3.0662220627658794 2.0
2.38592026156982 2.0
1.834253391397135 1.0
1.6688988884974187 1.0
1.609325888776028 1.0
1.3603194123121112 1.0
1.6028491028982363 1.0
2.5925332561292236 5.0
3.1549371278496885 5.0
4.8891389221164365 5.0
4.138419549220774 5.0
4.64291704317896 5.0
3.7783720243158547 7.0
3.7427534800159745 7.0
4.601785614453952 7.0
4.611545557773295 7.0
4.644503307658448 7.0
3.1625599046389667 5.0
2.666907275115981 5.0
1.8784755391656185 5.0
3.7437481179011907 5.0
2.1949547932029425 5.0
2.1278516182446494 3.0
1.779828600321004 3.0
2.7811541657213388 3.0
1.4773671232597483 3.0
2.075031425165294 3.0
3.423227588595239 3.0
3.6482522329178324 3.0
2.5114198840435447 3.0
1.752631654932844 3.0
4.468377352271342 3.0
5.502823286762125 5.0
3.132025005548347 5.0
5.0076591801745645 5.0
5.157992541046915 5.0
5.11105161687451 5.0
3.085870642345676 2.0
2.5595598924667358 2.0
1.5061543532608912 2.0
3.2540398091706577 2.0
2.8558173492289067 2.0
3.1217868412184506 5.0
2.685019230018065 5.0
3.5422984761599197 5.0
2.1731075583731196 5.0
3.619841991081772 5.0
2.3633707571758196 2.0
2.6219184873879144 2.0
2.7428824892978545 2.0
1.6385057653760848 2.0
3.723186833546509 2.0
2.060867718231883 1.0
3.019552189847285 1.0
1.99403879492635 1.0
1.0370241911600055 1.0
2.1795607673212363 1.0
1.8125953029797814 3.0
1.9729730511713304 3.0
1.0782444410442427 3.0
1.8010820285340732 3.0
2.543633955442043 3.0
1.0447425989611032 0.0
1.3105213870747354 0.0
1.7197311839256573 0.0
0.9175454095079859 0.0
2.672120504213057 0.0
1.4842548687844395 2.0
1.8291576510924927 2.0
2.176136750769514 2.0
1.4722862755538004 2.0
1.2409682702404277 2.0
2.3257615825175098 1.0
2.7110576955071823 1.0
2.7941737833374827 1.0
1.3956282641709754 1.0
2.0605635624657364 1.0
3.137056224639536 3.0
2.5507196521840094 3.0
3.280616020565412 3.0
1.2394133336407083 3.0
1.7584676669814003 3.0
2.5642009345645116 1.0
2.032869412405342 1.0
2.4483862827145546 1.0
4.733723487981672 1.0
2.8087127677390527 1.0