4.893533683005534 4.0
5.683078018839319 4.0
4.846320608109478 4.0
5.524003249715396 5.0
4.843510036229792 5.0
5.403727888305547 5.0
5.212486053272993 4.0
3.815728479065278 4.0
5.6990657931472 4.0
4.626854187420719 4.0
4.280910651989462 4.0
5.07989704408055 4.0
4.168573015464934 5.0
3.8579548001231005 5.0
3.9922955553674435 5.0
3.7504577800326486 4.0
4.418545210758396 4.0
3.13696134243962 4.0
5.826818825453619 4.0
4.772795418958229 4.0
5.012620026323391 4.0
3.946280701828185 3.0
2.9847762178501265 3.0
2.8563685720559158 3.0
4.191561683313197 4.0
5.408379892576464 4.0
3.813884431527395 4.0
2.6111447719160448 4.0
3.9097162655781923 4.0
3.669741488393285 4.0
5.806508412589058 5.0
5.4459038804691895 5.0
5.026399631441985 5.0
5.375912768956285 5.0
5.015015993909978 5.0
4.701976668395617 5.0
3.35413643118183 3.0
4.348557299660894 3.0
3.8513479238548918 3.0
4.119234031705592 6.0
3.4413936566806065 6.0
3.1271057392616886 6.0
5.499870320108928 3.0
4.188948644806107 3.0
4.8220652327976605 3.0
5.038917528699437 6.0
5.235957647174228 6.0
5.383222357308063 6.0
5.600322050518025 5.0
5.624405507446874 5.0
5.729905723779399 5.0
6.3612061479807 4.0
5.821629220751615 4.0
6.192673625884452 4.0
5.531534708588258 5.0
5.218089892923175 5.0
5.44227480134051 5.0
6.408061652465978 6.0
4.604794592188057 6.0
5.999429639310473 6.0
4.085218118705076 4.0
4.719840889950119 4.0
3.8240624516060597 4.0
2.528562489331215 3.0
4.82250545532996 3.0
3.4423646500485794 3.0
6.082939281547192 5.0
6.166766392368248 5.0
6.576512410784757 5.0
3.58204215790113 5.0
5.064204220354019 5.0
5.591543344974896 5.0
5.626159197874627 5.0
5.092240391329809 5.0
3.5664642104240976 5.0
5.734959916953937 7.0
6.444805122368963 7.0
4.459452949694407 7.0
4.925557871946655 5.0
6.224984727717449 5.0
5.162132942280415 5.0
5.0497283172548055 5.0
4.7406934909886465 5.0
5.687716185722582 5.0
5.711050011419487 4.0
4.943286118423784 4.0
4.240373595841208 4.0
5.676723293509584 3.0
3.381833962891555 3.0
5.772435258578581 3.0
5.9624885331154385 5.0
5.832203969216101 5.0
6.414833437600693 5.0
5.709677433720517 3.0
4.643585086600113 3.0
4.1487256952691105 3.0
4.8900958724588435 5.0
6.068249365710595 5.0
6.074454433028921 5.0
5.058053960929986 5.0
5.765780050490698 5.0
4.187672489846247 5.0
5.628802598440061 6.0
4.35905703412015 6.0
4.702819056589427 6.0
4.683491580090404 3.0
4.759176581189268 3.0
3.627686866867134 3.0
5.754001674408901 5.0
4.661168017375897 5.0
5.450157830853504 5.0
5.761461714096261 5.0
5.18573681548359 5.0
5.652520448309766 5.0
5.343584645440253 5.0
5.599659368939943 5.0
6.123526653327817 5.0
5.248899784337492 4.0
4.888718662950708 4.0
4.887442428903624 4.0
4.9567631286067195 4.0
4.33508812819948 4.0
2.2044720329654512 4.0
5.5331680232713 5.0
4.709512063894796 5.0
3.712500543712838 5.0
4.388067990172438 7.0
6.2300077049172575 7.0
4.1479072469771365 7.0
4.188970438308178 3.0
4.948498895374791 3.0
5.331682745768253 3.0
2.0302669561606126 2.0
4.226301841154604 2.0
4.9780741227583665 2.0
2.4822268971908508 4.0
3.228398764783886 4.0
3.4742109770372607 4.0
5.775219752490643 5.0
5.281947669767327 5.0
4.49846445965439 5.0
2.2825417617686927 4.0
1.7622629687187001 4.0
3.7262413572038606 4.0
6.157362228145131 6.0
6.525171462870247 6.0
5.55139401819029 6.0
4.806455027441911 5.0
4.9007753132812235 5.0
4.987655353391153 5.0
4.148850133478732 4.0
4.268603858626739 4.0
5.586533079331123 4.0
4.863455917905854 5.0
4.671598471976893 5.0
3.5839891564198134 5.0
6.380015011712738 4.0
3.902922514615459 4.0
5.494154829798103 4.0
5.865068677091759 3.0
5.296685028935141 3.0
5.458768598444752 3.0
5.369518583409076 3.0
5.893516826569423 3.0
4.801347370079184 3.0
5.4145299759961505 6.0
5.899551049033582 6.0
4.179734159737836 6.0
5.559903784325904 6.0
6.159197266345348 6.0
6.224881074595451 6.0
4.78994721097337 1.0
3.694685623213107 1.0
3.1481236941510975 1.0
2.9106877133083615 1.0
4.07620177886867 1.0
3.7835406199045427 1.0
3.0619053701026013 3.0
3.0738850538289104 3.0
3.8567490630717094 3.0
2.784285506024346 3.0
2.212428372990752 3.0
2.420664456531608 3.0
2.922093920787994 1.0
1.4668560425845603 1.0
2.4911952994311153 1.0
2.4112637148700453 4.0
3.2041338968869466 4.0
3.396082212000782 4.0
4.503842223530397 6.0
5.340815201980266 6.0
5.623620243122276 6.0
4.669910307364731 5.0
5.085656835632406 5.0
4.756367369945091 5.0
5.64995940831273 6.0
5.918509992000597 6.0
4.318963491956425 6.0
2.4568686123294015 0.0
1.286694717696486 0.0
2.318548651830259 0.0
0.7560810729479368 0.0
1.0599113410486105 0.0
2.4816174296228986 0.0
2.060908986877396 3.0
1.6383557588634332 3.0
2.1154201655469036 3.0
1.5262971962523328 1.0
1.760620559286923 1.0
2.032231661976959 1.0
1.9283819771617092 0.0
2.0465155668711206 0.0
2.7202587064903225 0.0
1.925948548838832 2.0
3.69831765522535 2.0
4.812436243056154 2.0
2.176469383284626 0.0
1.571377148830396 0.0
1.6976153751172716 0.0
3.0862936115161266 5.0
4.387711033124311 5.0
5.5212400331806855 5.0
2.327889286711082 3.0
4.190656145129613 3.0
4.7853395771798715 3.0
5.44787404878355 5.0
2.9908697868767553 5.0
1.8710127570508255 5.0
5.187264132600976 6.0
5.2977090693233135 6.0
5.164357924538431 6.0
4.969931746771199 6.0
4.4373325261314225 6.0
5.06363193567138 6.0
2.5462321079725214 4.0
2.5308554768411806 4.0
4.114827725201082 4.0
5.317577486668263 5.0
5.77450387790949 5.0
3.8619555673059627 5.0
3.9788735986368087 4.0
4.449332680705957 4.0
4.163615029986581 4.0
4.752113414355054 6.0
5.710973818486445 6.0
6.072948509539014 6.0
2.189271137319094 2.0
1.8555609288756754 2.0
2.3778699019695404 2.0
5.771124258625365 5.0
3.297479041658329 5.0
3.915693634171431 5.0
2.504185803580406 3.0
2.5130946811032584 3.0
1.4274030865248917 3.0
3.0974859022650567 2.0
1.5186716542113954 2.0
3.567547571742872 2.0
4.029841081839744 5.0
4.953711672808412 5.0
4.4663531687317946 5.0
2.7584124696678813 1.0
2.4570684742369715 1.0
2.0274209991948924 1.0
5.119255747028605 5.0
5.685667352178171 5.0
4.846459788304622 5.0
1.737723668824151 3.0
2.7704218277233963 3.0
2.8240145292968526 3.0
4.81251964267732 6.0
3.778068078540125 6.0
4.570392039958492 6.0
1.8263773788721962 3.0
3.3109765150633415 3.0
1.3890461853556724 3.0
3.7604396321574027 6.0
4.08769384867631 6.0
2.9708614065920225 6.0
2.882267321825428 1.0
1.2281649523080524 1.0
1.9976930479876065 1.0
4.903778210164611 4.0
2.831584115125754 4.0
2.496069177863873 4.0
3.528112478297966 4.0
3.7008387922768726 4.0
3.648844889488684 4.0
1.1136928567375493 2.0
2.2962819227314197 2.0
1.4525422814778028 2.0
4.4662450832089755 7.0
5.692190139437896 7.0
4.867325775002967 7.0
5.441821611341782 4.0
4.995963199648038 4.0
6.170382463704922 4.0
3.7655870523359867 3.0
3.463101986268062 3.0
3.4620577873077165 3.0
4.722526885301555 6.0
4.47474860742195 6.0
4.3085901267787 6.0
3.6710703959785462 3.0
3.7971759297240717 3.0
4.82799377703215 3.0
2.2014837706108583 2.0
3.646244202203539 2.0
4.735555043761006 2.0
5.729370452198296 4.0
4.98920228652623 4.0
4.105845162294731 4.0
3.914999958768555 5.0
3.3993733385954585 5.0
2.946406079889853 5.0
5.3506772257415385 6.0
4.825023486687065 6.0
3.9559331279420986 6.0
6.301548889532464 7.0
5.697168603644551 7.0
6.45585283817046 7.0
1.724234359850698 1.0
4.379267572800041 1.0
3.1166025303642266 1.0
5.545926645920523 6.0
5.380500154515688 6.0
5.651201272632345 6.0
5.319052665378656 7.0
5.485176843737173 7.0
5.547646394189683 7.0
5.549787195829509 6.0
5.6226978600595725 6.0
4.918968324167084 6.0
3.5961983420616677 4.0
2.426581159140082 4.0
3.746423384417734 4.0
4.735867445758798 5.0
5.470001535050983 5.0
5.076113816663359 5.0
3.344190849579846 3.0
3.029538409734923 3.0
1.9147572374332469 3.0
3.6525850665046944 3.0
3.9364538460378107 3.0
2.5458437538413716 3.0
2.0048684432384523 2.0
2.415822910788348 2.0
2.2018361933454265 2.0
3.8015729722554386 4.0
2.5512663808769007 4.0
3.352732945322127 4.0
5.311500101907829 4.0
6.007172665229898 4.0
3.5481207071967655 4.0
4.627060755037371 4.0
3.216274005031249 4.0
4.227111525455179 4.0
5.5005256015354425 5.0
4.812496396345455 5.0
3.7719999141826404 5.0
5.354477236502571 4.0
4.57573728893848 4.0
5.121555344482439 4.0
3.4218782987493968 4.0
3.553142234574455 4.0
2.495550019921643 4.0
6.25120539212812 6.0
4.845473977412264 6.0
5.228017271669672 6.0
5.201211664315448 5.0
3.551280568924559 5.0
3.4749772325171833 5.0
2.456708701083594 3.0
1.9612499800225383 3.0
1.6843326760382273 3.0
1.6649127727694537 2.0
3.4476985639857505 2.0
3.3378162279784465 2.0
3.5635944325123585 4.0
4.428320342394639 4.0
3.253216890115784 4.0
3.9277288763487466 3.0
4.64728646866339 3.0
3.337954520210039 3.0
4.389169214267771 4.0
3.4366361923337823 4.0
3.572035468497906 4.0
3.0891129597466724 5.0
3.727632885025249 5.0
4.550355368276466 5.0
2.7639606760841913 3.0
3.9666030288202583 3.0
3.2242270387376775 3.0
6.108107140059795 5.0
4.565219812563207 5.0
3.9652093028809934 5.0
5.303946016651921 6.0
3.3829471957386406 6.0
3.6112832737292826 6.0
4.282424145769584 5.0
4.463747366300522 5.0
4.907918104657429 5.0
4.539967785052539 4.0
4.595861575724571 4.0
5.111410859202243 4.0
5.755979564749494 7.0
4.833844447955896 7.0
5.840590672262118 7.0
5.45667779229013 5.0
5.057329162642253 5.0
3.8065744200884524 5.0
3.318544062554072 4.0
3.2296693838193438 4.0
4.909053774234114 4.0
1.4794052709882914 4.0
2.9284751434594916 4.0
3.8435356261537805 4.0
5.139098036639655 3.0
4.947276111960731 3.0
5.216920356688191 3.0
2.3280428368449706 3.0
2.034681862275608 3.0
1.9586167035760598 3.0
5.152977849890281 5.0
4.9270353676091245 5.0
2.9999324047933125 5.0
3.9559781292255605 6.0
3.298805361281194 6.0
4.101875510595081 6.0
4.688092125077162 5.0
4.7333227391317205 5.0
3.113807160577564 5.0
3.923349480385732 5.0
3.0461865570653357 5.0
3.976474953065324 5.0
4.32803302862402 6.0
5.6916752607315715 6.0
3.604974058077792 6.0
3.014082933235941 3.0
2.573966008906949 3.0
4.413469936025251 3.0
3.3397703503679517 5.0
4.940037632957552 5.0
3.6719364282743547 5.0
2.8095601049335497 3.0
4.8259800825032295 3.0
1.0299579289524667 3.0
1.9886575892837728 3.0
3.9696177171391716 3.0
4.731314424286334 3.0
3.1232655520768784 3.0
2.4854245374555335 3.0
2.582076451473406 3.0
3.664503488855915 5.0
4.743187232586433 5.0
3.4725967219696035 5.0
2.2617862994848865 3.0
2.299165168411048 3.0
2.711806118627547 3.0
2.395941410270122 3.0
3.643885400476407 3.0
4.254111689220169 3.0
3.7454521074038465 5.0
4.0753619849868015 5.0
3.09129486584791 5.0
2.2930091904429677 3.0
2.313838963192838 3.0
1.3944975743653016 3.0
3.1946869897226913 3.0
2.513879961256261 3.0
2.080124224899971 3.0
2.8673860132541362 3.0
2.9032868575530264 3.0
1.8187515997156471 3.0
4.433321009090048 5.0
4.509252120953519 5.0
3.4471532210046942 5.0
4.510510446423174 4.0
3.581841840572999 4.0
3.522009085685486 4.0
4.314543213437326 3.0
3.181059571374148 3.0
2.540217620193532 3.0
3.6059760305979482 5.0
2.4692248869540263 5.0
3.910964418277533 5.0
2.749024230710295 4.0
3.590382200313403 4.0
2.4275962895231147 4.0
2.9159232578701673 2.0
2.5105630857527053 2.0
2.279111682910384 2.0
1.9046288336247583 0.0
3.0097051816597573 0.0
4.160648917977748 0.0
4.00546146694825 0.0
4.470146941206417 0.0
3.846395779608284 0.0
2.3341116270720508 3.0
2.437314276893473 3.0
2.0607060926455465 3.0
4.765180269086319 5.0
4.506387056810596 5.0
4.1989034213352845 5.0
4.410293114982532 3.0
3.3514529080398807 3.0
2.096486618658039 3.0
4.967289543175039 3.0
4.763852158990668 3.0
4.0945385376021655 3.0
3.7420963620945007 5.0
3.936154557206427 5.0
5.082602561569927 5.0
1.790891678909208 4.0
2.754999077287108 4.0
4.561392991589116 4.0
2.2101837092319707 1.0
2.6654066984877205 1.0
3.826179582059006 1.0
2.2505601481710653 3.0
3.9546591243644826 3.0
4.369560406643024 3.0
3.6369884818435803 5.0
5.552649698322558 5.0
4.237957989584255 5.0
2.567610232013865 4.0
1.9328564651390825 4.0
2.3238289963911747 4.0
2.927234065502101 3.0
3.8064508779843695 3.0
2.1439482506868854 3.0
3.011020111753748 4.0
2.9735622621582176 4.0
1.011598740210891 4.0
4.029672555133428 4.0
4.300409557681789 4.0
5.2000017303916435 4.0
2.341092846656049 3.0
2.966692825983607 3.0
3.3684636143260582 3.0
4.683782990073469 5.0
2.856509733521462 5.0
3.8629899609713254 5.0
1.895545629707387 0.0
1.8342430552044637 0.0
2.3654900698728314 0.0
2.4219027452015394 2.0
1.778146299550718 2.0
2.1192379554579683 2.0
2.4672396310892557 3.0
2.883662708452559 3.0
3.0083253810604784 3.0
2.1254193474507037 2.0
1.4318987439756898 2.0
1.1913573839511957 2.0
2.5383654328835923 3.0
2.947749679570402 3.0
2.812402905380143 3.0
2.393509941844965 2.0
1.4758613836190413 2.0
3.0503109196110243 2.0
2.4051988589731805 2.0
1.8950357625859633 2.0
1.6894911437630495 2.0
3.853403388809888 1.0
1.9111238870215508 1.0
1.5528352795444753 1.0