4.989670939606113 4.0
5.21887307722261 4.0
4.153606877674286 4.0
5.011204974507244 3.0
5.762221338315089 3.0
4.7943789212913765 3.0
5.370192415426292 3.0
3.1110520047469303 3.0
3.6673544417468897 3.0
6.012806475881324 4.0
4.242803552283754 4.0
4.612010404230532 4.0
5.625072210022433 5.0
4.036590027478129 5.0
4.628832417440259 5.0
5.403530613087094 5.0
3.3051341404345176 5.0
5.74135371892077 5.0
3.5865004502585056 5.0
4.970984378642093 5.0
3.81546393500029 5.0
5.643990906415797 5.0
6.321717258532646 5.0
6.0018506563548435 5.0
5.888371493588753 5.0
3.7376105447447467 5.0
5.03325045449245 5.0
2.5197124086395606 3.0
3.3226195367436766 3.0
3.5191764679852806 3.0
5.195917928098252 4.0
5.217175195172598 4.0
2.725093328070365 4.0
5.432524242838785 3.0
4.087905424088468 3.0
2.33415366533983 3.0
4.590876016338452 5.0
5.569982142285755 5.0
4.6799444457137875 5.0
5.4547635367660545 5.0
5.923269605414208 5.0
5.14128748117473 5.0
2.297154026157514 4.0
3.986990149538824 4.0
3.4718622746448156 4.0
5.254196818682239 4.0
5.1919322330148745 4.0
4.565850028580746 4.0
3.7269852046614926 5.0
4.07971587002046 5.0
4.729378322872684 5.0
4.458455078920394 5.0
3.9610913336627878 5.0
4.946137169705679 5.0
5.572465809565187 5.0
6.376371688641118 5.0
4.746068780231279 5.0
2.4398528124585317 5.0
3.5915113342089016 5.0
1.7182110543801483 5.0
6.342849972258425 7.0
5.793088295345666 7.0
6.504997210577758 7.0
4.673848682821657 4.0
5.888016149518569 4.0
3.429840281223994 4.0
5.682915416344039 7.0
5.423807244936 7.0
4.333980575723817 7.0
3.253698575484901 3.0
5.196394151309287 3.0
5.514696879091521 3.0
6.4094036755129675 4.0
6.007549752380837 4.0
6.583110184530466 4.0
5.447332543482211 5.0
4.383254991358756 5.0
5.174805818310429 5.0
6.294586391075774 4.0
4.04067632311827 4.0
5.807133588890559 4.0
6.124714351139847 7.0
4.763974455085429 7.0
6.424940606500056 7.0
4.083744920493451 4.0
4.8146316331603805 4.0
5.788385319159917 4.0
5.8059280675895835 5.0
5.812864050058407 5.0
5.6315589973744595 5.0
6.302387704141073 5.0
5.463539171990499 5.0
4.675029443583969 5.0
4.845244523198656 5.0
1.0402647479116376 5.0
3.5890337095355793 5.0
4.610984016913579 4.0
4.415892437602977 4.0
5.748993456613292 4.0
4.6921217458932345 5.0
5.330749423250712 5.0
5.8051588533678355 5.0
6.1998311682594105 5.0
5.83485015259378 5.0
3.1031928178018404 5.0
5.08125371741124 5.0
5.766892772049724 5.0
5.229057930152489 5.0
5.978885277986312 6.0
6.118569021603047 6.0
6.297211581365034 6.0
5.813012159212658 5.0
5.466745551775836 5.0
4.950000830162526 5.0
3.680797779945553 5.0
4.770732165706448 5.0
5.866673415116965 5.0
5.479384119433855 5.0
4.262133770194277 5.0
6.4947497189095165 5.0
5.7171519703657445 5.0
4.988430951973591 5.0
3.324314188699951 5.0
4.865535497085613 3.0
2.2690721239746847 3.0
2.9034948012878488 3.0
6.365542924426491 5.0
4.870387285420088 5.0
6.334509874425508 5.0
3.837118086775239 3.0
3.3229626429344497 3.0
3.003257327698089 3.0
5.421685034843162 5.0
5.0427904648645585 5.0
3.9799227379904036 5.0
5.7174568832158945 4.0
5.601328988552611 4.0
5.146305419626736 4.0
6.149247785886005 4.0
4.200569791788328 4.0
3.380732688038964 4.0
5.1256075290775 4.0
4.695269617198334 4.0
4.98662972329307 4.0
3.442896901797908 5.0
4.314299701075171 5.0
3.2891646555389387 5.0
4.994906454506426 3.0
3.629014662505158 3.0
1.713408968513344 3.0
4.793018818321459 3.0
4.5041197608722285 3.0
4.8903539118692585 3.0
5.141481846489481 5.0
3.9725490137734614 5.0
5.994905801468685 5.0
4.318976251284457 6.0
5.683000374237309 6.0
4.831343353821467 6.0
5.306937647699624 6.0
5.120113632344381 6.0
5.223874853798121 6.0
3.560843490190912 4.0
4.664512475193107 4.0
5.043859572192099 4.0
3.8464114691955853 5.0
4.823227784087079 5.0
5.3282899659491205 5.0
5.395287765854693 5.0
5.505704992547099 5.0
5.613041140334248 5.0
3.95454341754751 3.0
3.080592287978518 3.0
3.835863172697256 3.0
5.088950990239443 4.0
6.0483009221352155 4.0
3.405110599514481 4.0
2.386553035199394 2.0
4.244992508369913 2.0
3.215554176527532 2.0
1.6190480136905836 1.0
2.636775567524894 1.0
1.817011625421372 1.0
3.8185323123050465 4.0
3.836730382617232 4.0
4.575371721189127 4.0
6.08756952888632 5.0
5.8022127219076625 5.0
4.9231134058116774 5.0
5.920821342384 5.0
6.351412744566035 5.0
5.131331995477504 5.0
4.9829290511457875 7.0
3.445882156617776 7.0
6.1146917789840085 7.0
3.26768696396379 5.0
4.0840271178832985 5.0
4.0297126347568994 5.0
5.879151072420615 6.0
4.846623017645239 6.0
5.062982354557157 6.0
5.295533706706121 5.0
4.305455115648417 5.0
5.3716573982005595 5.0
4.421971692746765 5.0
3.0433747354283742 5.0
5.125492961037189 5.0
4.602026029011367 5.0
5.450626208593666 5.0
5.866604495346293 5.0
5.934506064873439 6.0
5.751428275983921 6.0
4.7613710144017345 6.0
5.444701796305217 5.0
5.914689967342969 5.0
5.8854070611616205 5.0
5.821935930345104 5.0
5.648384672990454 5.0
5.557330558539457 5.0
1.3606966329292938 2.0
3.1493570228427474 2.0
1.0763322517206562 2.0
2.591465327327872 1.0
2.757371613648976 1.0
2.0205356232557325 1.0
1.1276545763450594 0.0
1.5303147693237815 0.0
1.657881808452291 0.0
5.147999464147844 3.0
2.499471164472369 3.0
1.9761262615346826 3.0
2.1187191777565877 1.0
1.0550002106216814 1.0
1.3277132682021144 1.0
1.3162091186938725 0.0
2.9493817309043973 0.0
2.711464771455955 0.0
2.268141761423213 5.0
3.031012845698643 5.0
4.737805696749358 5.0
3.6659677297370785 3.0
4.972312096537968 3.0
3.03915631791181 3.0
5.460041272095838 6.0
6.045450592195691 6.0
5.523959114830521 6.0
2.7991804163900587 5.0
1.9261830571049698 5.0
2.322568670030254 5.0
2.725807574058619 5.0
1.8801070552992114 5.0
3.987296152692284 5.0
2.4087358938181493 2.0
2.931803118269525 2.0
2.211201599853354 2.0
5.103600053007415 3.0
2.8738485757884056 3.0
2.9545997386437985 3.0
2.4033832484073834 4.0
3.5843323927995874 4.0
3.7986111570181094 4.0
4.734447493898849 5.0
2.4061710068601014 5.0
4.1822462128000595 5.0
5.492487524162962 6.0
5.472746193561225 6.0
4.1491106138413 6.0
3.203424761065119 5.0
3.3541830299217357 5.0
3.4940271129248877 5.0
4.982675796771135 4.0
3.6411215263896684 4.0
5.257650395243061 4.0
5.092517190326475 6.0
3.9246334355696337 6.0
4.881875588525714 6.0
2.587158682230182 5.0
4.053976806247415 5.0
5.090226588733016 5.0
4.21222485482276 4.0
3.859692015702258 4.0
2.9779275240494685 4.0
6.063273428420158 7.0
5.589293602639941 7.0
5.789799286510694 7.0
1.9244035247010578 3.0
2.6296871971091935 3.0
3.591053205669119 3.0
3.6480555814898383 1.0
2.8433182526735887 1.0
2.692442530229364 1.0
3.7551229752223736 2.0
3.5542326588382767 2.0
2.7298890318493685 2.0
2.319020318568043 4.0
3.780004435177325 4.0
4.563202824958443 4.0
1.5432642863640884 1.0
3.5873707559443218 1.0
1.237005308858413 1.0
5.140039638749606 3.0
3.0814182549677627 3.0
3.458455196138181 3.0
4.371058660015395 5.0
3.50709971194477 5.0
3.748847344133567 5.0
5.566580451259493 5.0
5.080677355060516 5.0
3.591986969002236 5.0
3.0736246993880663 4.0
5.214228955363194 4.0
4.131494519240836 4.0
3.9433564056763104 4.0
3.4679957595015667 4.0
3.407278603050492 4.0
2.858334951730449 4.0
3.9106708083848845 4.0
2.506121749925882 4.0
4.852445715982665 5.0
4.4259295637128 5.0
3.6518913680166434 5.0
5.539820929866861 3.0
4.1219787788776365 3.0
5.991957480970211 3.0
5.460999646325921 3.0
5.582832592067626 3.0
3.1172538639703227 3.0
3.535547094847727 5.0
4.603444436209808 5.0
3.8838507611453865 5.0
6.371678593316167 7.0
5.677428123801123 7.0
6.013063473795964 7.0
4.520709593946489 6.0
5.6065973992629825 6.0
5.83799588262476 6.0
5.947074861023188 5.0
5.63299629063072 5.0
5.367388959176523 5.0
5.199360427790833 5.0
4.286302456925871 5.0
5.939365167376451 5.0
6.642859509076686 6.0
5.561336507637329 6.0
6.253688071221667 6.0
5.1654054511754826 4.0
6.098700972303096 4.0
4.08904494644191 4.0
5.413112734538127 4.0
4.618984830917636 4.0
6.181575490527356 4.0
4.197974891898571 5.0
3.1265429181035516 5.0
3.876525696642345 5.0
3.7333176200324623 5.0
4.349919028642277 5.0
3.3783393592071866 5.0
1.5904076379611845 1.0
2.712390208432387 1.0
2.118672048472685 1.0
3.48439730305141 4.0
3.4123295057707734 4.0
4.180187322505421 4.0
3.406210240709433 5.0
3.129417504021976 5.0
4.032519553424562 5.0
4.817424639789534 5.0
4.969431351658115 5.0
3.0876783436797917 5.0
3.8849665818047248 3.0
2.660834494236546 3.0
4.00418887778338 3.0
4.514369550900154 5.0
3.9625006378458196 5.0
2.5902094657214207 5.0
5.497365772874448 5.0
4.558289903826248 5.0
5.314407922334011 5.0
2.3312068991547688 3.0
3.5978361515467516 3.0
2.489552066714028 3.0
4.65329686662725 5.0
4.593197647717287 5.0
4.789243143332023 5.0
2.5059200366369563 3.0
3.8495894320539774 3.0
3.1586213671756367 3.0
4.877229470060231 5.0
2.6421874764101383 5.0
5.06569869547545 5.0
2.9516777278438475 2.0
2.2944022718726305 2.0
4.08649271742893 2.0
2.0172016202795957 5.0
3.918191298324368 5.0
2.1744879132528645 5.0
4.679987107968136 5.0
3.353593752622791 5.0
4.137456932645946 5.0
0.9293787672162133 2.0
2.5284281814348457 2.0
3.1939148838664817 2.0
3.6924092049375674 5.0
3.6215702525598066 5.0
2.877591907193835 5.0
3.873738176711928 1.0
2.4176073576020918 1.0
2.607498609235596 1.0
3.258107317520204 3.0
5.109958280486078 3.0
4.0459803419436104 3.0
2.5661553664157823 2.0
3.5407442214605003 2.0
2.708177673165525 2.0
2.585174044583926 3.0
2.1404903585323036 3.0
3.85763941156432 3.0
4.585173165094932 5.0
4.225259585090148 5.0
3.5016175362345026 5.0
2.3489723360713635 3.0
1.7372175481373577 3.0
1.9098869067999655 3.0
4.8417272046276185 5.0
3.371058973620466 5.0
4.0427872895544095 5.0
3.950935299379553 4.0
4.627527086081031 4.0
4.311016368815283 4.0
4.293863760846369 3.0
2.2345822461033107 3.0
3.2830765871596985 3.0
4.2981591723095205 4.0
3.402086666101077 4.0
3.246686636849078 4.0
3.8417123139847966 5.0
2.4730607264478697 5.0
2.937377617714665 5.0
1.4805717916850625 2.0
1.3630548620335179 2.0
4.388404281564036 2.0
2.974450142947527 3.0
2.3230598791698145 3.0
5.9161518056408395 3.0
5.857436342075682 4.0
4.095420619086249 4.0
4.1892708192645625 4.0
3.5208821533294152 3.0
5.252412608565118 3.0
4.815530117071159 3.0
3.9806628043036825 4.0
4.543119280616994 4.0
1.952218785301114 4.0
2.8548139148606304 4.0
2.9305065257250833 4.0
3.889049414631457 4.0
3.452013987284355 4.0
3.1780722209952454 4.0
3.4733751429239867 4.0
1.7860301278851798 4.0
4.128097057252432 4.0
4.190541251134945 4.0
4.939826942007983 5.0
3.8686377153100246 5.0
2.734520297636186 5.0
3.95809857946925 3.0
3.4180696453072525 3.0
1.2298503757317993 3.0
2.7547426659728234 1.0
2.8097068778020455 1.0
1.6813430861428453 1.0
4.750183199346377 5.0
2.398675220623183 5.0
2.7818511229076273 5.0
2.25501756937414 3.0
3.5770718340395007 3.0
2.5421463328347564 3.0
3.945161933228189 4.0
3.4361223938187475 4.0
5.371388456549071 4.0
4.9475180239410435 3.0
3.8902192792770887 3.0
2.340422367111809 3.0
1.2606672586971466 1.0
1.8476625297749016 1.0
3.731588716578349 1.0
1.4622797265333785 2.0
1.4154120773690078 2.0
2.2186522286440904 2.0
4.631516328478409 5.0
2.5397192313657277 5.0
2.8627915542533473 5.0
2.132978576776896 5.0
3.250811119232734 5.0
3.567656091318881 5.0
3.9052129587504845 5.0
4.0747168642663025 5.0
3.0733048088024537 5.0
2.9230972384740017 5.0
2.844795819426113 5.0
3.9996069685815927 5.0
3.7554362678330273 7.0
4.437720104970009 7.0
1.7275146448508738 7.0
4.2543028814742545 5.0
2.8520858142649117 5.0
3.0768679565782127 5.0
3.5779966676132258 5.0
5.40768397410882 5.0
4.0814884269882965 5.0
2.7780480388119573 1.0
2.6222613500574763 1.0
1.8901368723897476 1.0
2.952392506646897 4.0
2.679487385334314 4.0
3.21460475617082 4.0
4.192980179008964 6.0
3.7967758505557017 6.0
2.966565605068135 6.0
2.3804568196804037 1.0
2.9285463929038946 1.0
2.421930974610336 1.0
5.599378388647258 3.0
2.690644737467743 3.0
2.5198149046174425 3.0
3.51547194385576 2.0
3.4253875870639674 2.0
2.249671075000365 2.0
1.6532328135123227 3.0
1.9906484338597596 3.0
3.0712098248475206 3.0
1.927454852905236 5.0
2.4349583891582265 5.0
2.6872072150364814 5.0
2.3531096581059407 3.0
3.6044165440200686 3.0
1.9838312875521065 3.0
5.627629241882135 5.0
5.000931726633166 5.0
5.267455531896592 5.0
2.736563600012247 2.0
2.4251728688108583 2.0
2.712169990910631 2.0
1.8164632779399912 2.0
3.1378706480864373 2.0
4.269587998707295 2.0
2.6330555802549287 2.0
2.0951746665626167 2.0
2.6625140596119046 2.0
4.434951104103856 0.0
3.3929406765040597 0.0
1.6247736105349533 0.0
2.9005193101250235 3.0
3.218048988866325 3.0
1.9210596497980232 3.0
3.160430133855158 5.0
1.15230600244174 5.0
3.543584721598866 5.0
4.70453212680945 5.0
2.5226826462841325 5.0
3.8966734986257707 5.0
1.321545302057625 1.0
1.4222322014044575 1.0
1.7006275271043865 1.0
2.765083353806868 0.0
2.4351907210379924 0.0
1.9541988952307394 0.0
0.8729783399352192 2.0
2.11321414148094 2.0
2.8961597166648416 2.0