4.081478144788652 7.0
6.387884055787264 7.0
6.318087919316226 7.0
6.221029270924823 7.0
4.741762613493585 7.0
2.981313202619926 5.0
4.003335498679274 5.0
5.546835033620518 5.0
5.4302743603443595 5.0
1.9299451250078175 5.0
4.494540101097533 5.0
2.4904193756517876 5.0
3.360918236632624 5.0
3.987286397610152 5.0
3.1442987678905867 5.0
4.613376250567678 6.0
4.653474437034132 6.0
2.7713501624459482 6.0
5.152097526671956 6.0
5.55951482525219 6.0
3.445613413959332 4.0
5.207239181364169 4.0
5.650356334284433 4.0
4.473811436932203 4.0
5.499135110265353 4.0
4.054127177846105 4.0
6.3524061941117775 4.0
5.336714244443658 4.0
5.450691638093651 4.0
5.266299609682577 4.0
5.805995622844557 3.0
5.817557931625363 3.0
4.2011809429916465 3.0
1.981010356281441 3.0
2.3716759350163215 3.0
4.0601155079624 5.0
3.584086290441084 5.0
5.827987106354777 5.0
5.5145391022277055 5.0
6.122829429871569 5.0
4.970960499482556 3.0
3.416951372236211 3.0
5.748852844453865 3.0
2.2329557827519437 3.0
3.0494530228311487 3.0
5.173665461761489 6.0
5.14365538879417 6.0
5.748525794625177 6.0
5.097986683043284 6.0
4.724013092796747 6.0
4.765495290185861 5.0
4.287439686043545 5.0
5.630007102868969 5.0
5.183954848168605 5.0
5.448584935835304 5.0
6.02534743489767 5.0
5.936902585205735 5.0
5.230726607653453 5.0
6.181268803371877 5.0
6.549978308967873 5.0
5.529512372455832 5.0
6.163927751618411 5.0
5.6271560352963785 5.0
4.859026809432816 5.0
4.012501824390953 5.0
4.017820473655915 5.0
3.7387654819265754 5.0
6.047714280869879 5.0
4.605183126618747 5.0
4.613690253702963 5.0
3.9860190242452807 6.0
6.187291768621045 6.0
5.318995642274189 6.0
6.018594208018577 6.0
4.5433534944499625 6.0
3.8262542564808832 3.0
2.6676210537259335 3.0
3.3661173532615702 3.0
2.545668332085002 3.0
1.9561510426358624 3.0
5.019981836215508 6.0
5.444266560306041 6.0
5.311249753319383 6.0
6.117298653659593 6.0
5.925038636718889 6.0
4.222693300443262 5.0
3.1445008225182813 5.0
2.7028971840033345 5.0
4.525962448695061 5.0
5.385085371099258 5.0
5.873464768656645 5.0
4.646282695438055 5.0
5.725152270072272 5.0
5.659560666909371 5.0
5.018403441339214 5.0
2.7384819263727027 6.0
4.740633236711146 6.0
5.365545260932239 6.0
5.71834714693399 6.0
5.858315014547871 6.0
1.0855303070628899 3.0
3.28928357786352 3.0
3.954041378324933 3.0
3.724188152042208 3.0
2.8137630366320323 3.0
5.115634018422832 5.0
6.1172576613356195 5.0
6.525005617298389 5.0
6.639928443828565 5.0
4.021908581040346 5.0
4.080642892872574 5.0
4.751933002778151 5.0
3.3844902040580274 5.0
5.657607817202872 5.0
2.9599722749280684 5.0
3.280260129044023 3.0
3.698277359664233 3.0
2.557422569673688 3.0
4.178530001639629 3.0
3.7532501012996655 3.0
3.7246927180048117 3.0
3.0813904210472174 3.0
4.655859087964452 3.0
5.464169053998976 3.0
2.566275930214769 3.0
4.503331756232934 4.0
3.360848678485464 4.0
3.706792603099251 4.0
3.9872644075386767 4.0
4.539563597142106 4.0
3.9187490289677376 4.0
5.892597926259035 4.0
5.662243507146648 4.0
3.6794501067086727 4.0
3.5361684847306245 4.0
4.2837158645569176 4.0
2.87206067743185 4.0
3.333096551242494 4.0
3.197478729251631 4.0
3.26731440575344 4.0
4.1250204663901915 4.0
5.425508657686806 4.0
5.320666128448767 4.0
4.289550868618938 4.0
4.398149569393815 4.0
3.1418009364282864 3.0
2.2570464839798725 3.0
3.7613411542496316 3.0
3.984297317457682 3.0
3.305379240719019 3.0
4.406819958521437 5.0
2.170919337014416 5.0
1.621547455627079 5.0
5.201267925766099 5.0
6.0477047262985275 5.0
2.219593579297742 3.0
2.938815082678268 3.0
4.252823112678186 3.0
2.5898437486832093 3.0
2.572139730667815 3.0
3.9967253939161553 4.0
4.055346550248179 4.0
4.356538986324031 4.0
3.2876009314376846 4.0
4.184578427561589 4.0
4.023099088695465 3.0
2.951343012895582 3.0
3.2602389293048524 3.0
2.714272272181977 3.0
4.103066643606972 3.0
6.4497732281370554 5.0
5.06790189066529 5.0
6.019855087493037 5.0
5.377076869294524 5.0
4.9328524941383405 5.0
5.271962780256899 5.0
4.963270851075 5.0
4.781342056678617 5.0
4.732430025353278 5.0
6.210578509451393 5.0
4.520423152397378 6.0
5.593614842726747 6.0
6.541125963013749 6.0
5.833504340174126 6.0
5.245745578679165 6.0
3.934099832272773 3.0
3.1382666786851723 3.0
4.484378121283041 3.0
5.284469195215138 3.0
5.439682426159452 3.0
5.010934268751953 5.0
4.116772699241569 5.0
3.8632555598061336 5.0
2.9724063281812216 5.0
3.98262938734701 5.0
4.660717865561225 3.0
2.130634433157173 3.0
4.844701793875951 3.0
2.740022984718162 3.0
3.0134990345578037 3.0
2.0338082653300935 5.0
5.406375136879037 5.0
4.347219184864817 5.0
5.903088659339462 5.0
5.161360742771839 5.0
5.827932747242779 6.0
6.130702652238468 6.0
5.324756942754625 6.0
5.966862198924936 6.0
5.8129040803409735 6.0
5.2861476174081385 6.0
5.69974118546458 6.0
5.045586282764018 6.0
5.299710316120939 6.0
4.20849278614162 6.0
4.773012297507252 5.0
4.001551103321572 5.0
5.496513354162233 5.0
5.486127246285916 5.0
5.301003122883465 5.0
3.0232523795541444 7.0
5.014504525253176 7.0
4.740688329718457 7.0
5.948085032343051 7.0
6.013212198011943 7.0
2.1795066269588066 4.0
3.055287024107587 4.0
3.2902631252933343 4.0
3.0026250412665405 4.0
4.253475003870496 4.0
4.093926893714252 2.0
4.53252667712699 2.0
4.815393372575581 2.0
3.5053029080195413 2.0
3.8610886657418595 2.0
4.67506474151525 4.0
3.4770384300656025 4.0
5.539546212567928 4.0
4.545681053960811 4.0
3.6746983999858145 4.0
3.8625762256726697 6.0
5.656842706142511 6.0
5.170977794914554 6.0
5.51459882775553 6.0
5.67861026439006 6.0
5.722673528180176 6.0
3.4797546747117747 6.0
4.197992360993687 6.0
3.6055472033833946 6.0
4.35410671539128 6.0
3.9014542352853545 6.0
5.957342257688147 6.0
5.039518941604218 6.0
4.120279710162286 6.0
3.632397736081867 6.0
3.668995631480779 3.0
3.6772773956770544 3.0
3.8529941228013036 3.0
2.9968589845800486 3.0
3.513223225795299 3.0
2.433492622626458 4.0
2.5096729192026643 4.0
2.920226259169197 4.0
3.827242346542909 4.0
3.609612007731737 4.0
5.376381004483515 4.0
3.0645017567521555 4.0
5.003192297255361 4.0
3.488511469969414 4.0
3.823864128025121 4.0
3.6256063603313917 4.0
4.332727928570191 4.0
5.6732780546014405 4.0
4.077406928487588 4.0
5.387700298014383 4.0
2.562204610123613 2.0
1.6075956167966607 2.0
2.2887621829650153 2.0
3.0914149242679385 2.0
0.2679552926368861 2.0
5.193907425544229 7.0
5.878845493004463 7.0
5.984033982692197 7.0
5.3903706677461845 7.0
6.086127199296899 7.0
6.139931070251415 7.0
6.003151177316962 7.0
6.429290822279826 7.0
6.503799994409203 7.0
5.998594391298751 7.0
1.4466809375791179 0.0
3.074575909102589 0.0
3.809620338865827 0.0
5.114728259153988 0.0
4.283549027507055 0.0
2.8623961340613957 1.0
2.4187287950623424 1.0
2.807263623683343 1.0
1.3428863290253263 1.0
2.0407882682091913 1.0
4.182983307354441 3.0
3.5980877294893765 3.0
4.423041434183938 3.0
4.442377813540111 3.0
2.0624519973858857 3.0
3.6940862810454806 5.0
3.3648447314452152 5.0
4.857990184034494 5.0
2.1573028282181386 5.0
2.2788025823311084 5.0
1.8894133797146002 3.0
2.9968471463829744 3.0
2.8466729551486285 3.0
2.112349087016285 3.0
3.0490280971962225 3.0
2.0724420666870262 4.0
2.9856378432429556 4.0
3.2639870404694578 4.0
3.087121619926685 4.0
4.018326761542635 4.0
2.2678772633149205 4.0
3.139605144122047 4.0
5.479365062426858 4.0
5.332663085841012 4.0
3.9691455412946532 4.0
3.437487481671373 6.0
3.679067027741704 6.0
5.455629560707552 6.0
3.8035977142505355 6.0
6.132981841434889 6.0
5.260027273365872 5.0
5.840049284837236 5.0
6.2930849906907556 5.0
5.453283920533241 5.0
4.983274833468738 5.0
1.7323903338774032 1.0
1.9866131508980864 1.0
2.393799674178791 1.0
3.863092098143409 1.0
2.4023044918312064 1.0
4.013224924562539 4.0
3.7493730304741915 4.0
5.361845072909799 4.0
3.9108081220963196 4.0
3.1269676471680734 4.0
5.105304192641727 5.0
5.376634856559617 5.0
5.768113433841676 5.0
4.497674519797313 5.0
4.2018395033932 5.0
2.950389109088922 2.0
2.6669309450787773 2.0
2.749833928048461 2.0
4.0215564012409715 2.0
4.97974762379197 2.0
3.8618617341065407 1.0
3.262701140444159 1.0
2.6274304913267517 1.0
1.9987776920453917 1.0
2.3462886417208573 1.0
4.767120848313395 4.0
3.590513107291717 4.0
4.071305375914878 4.0
4.702134484908219 5.0
5.323977154426495 5.0
4.991974712156645 5.0
5.256570132407602 5.0
4.980200106186257 5.0
4.9056712942541925 6.0
5.45799054418588 6.0
5.54238820441932 6.0
4.751991039263825 6.0
5.360979673595211 6.0
4.486102605890284 6.0
5.14875135355338 6.0
5.782200663600016 6.0
5.552539255267429 6.0
6.02641006403813 6.0
2.0455523824775934 4.0
2.9787016034576546 4.0
4.240229847396301 4.0
4.642463427621478 4.0
4.296203173634772 4.0
4.154288263924369 3.0
3.032096242227483 3.0
2.274475362455942 3.0
2.2593229714592242 3.0
3.536839908084721 3.0
3.0072159041077504 4.0
5.193772800540529 4.0
4.478065337036452 4.0
4.5689883912574265 4.0
3.6202039807059734 4.0
1.9652892592935545 4.0
2.8342094948254544 4.0
1.9053922548224638 4.0
3.067352997855672 4.0
2.8475760360280944 4.0
4.813204853137612 6.0
3.6783559263515753 6.0
5.720457435773815 6.0
4.291968658486688 6.0
5.051051920926951 6.0
1.2672424518671273 2.0
1.2312358415146247 2.0
1.9006503923220657 2.0
1.2248715727659965 2.0
2.7767196089402213 2.0
0.36147174203751037 0.0
1.8455707623004798 0.0
1.351563453836587 0.0
0.9549571425417074 0.0
1.0531089388877504 0.0
1.809816442635263 3.0
2.5609523304803585 3.0
3.1070576784347086 3.0
1.334545499967374 3.0
2.06587444048232 3.0
1.996850887747351 1.0
2.3789880052094223 1.0
2.5812977324927564 1.0
1.8088587905990887 1.0
3.2881955181066798 1.0
4.12488194698046 4.0
4.939344326957567 4.0
3.700400956728742 4.0
5.57475251738304 4.0
5.037980293776754 4.0
2.7479737516054645 5.0
1.1199859633732894 5.0
4.101305196839013 5.0
3.3219480309019387 5.0
4.236637656857222 5.0
3.9542399640947434 3.0
4.355988112038323 3.0
4.858777458269141 3.0
2.7348160425432737 3.0
3.035586987924222 3.0
2.1526428830507522 2.0
2.12060837714506 2.0
4.628970428859331 2.0
1.7866244276192178 2.0
2.557857329133992 2.0
2.7288400694081982 2.0
2.2638607768473102 2.0
3.3331356103228016 2.0
2.867549956274091 2.0
2.34674246627005 2.0
5.456772941777846 6.0
2.658779530305941 6.0
2.266560915301372 6.0
5.072069685457233 6.0
5.867982482537513 6.0
3.335330984390188 4.0
4.739912198978463 4.0
4.725817222710433 4.0
3.8839982399670587 4.0
5.364507262000251 4.0
4.300513699245032 4.0
3.558050847472202 4.0
1.805631094547394 4.0
5.478309582658235 4.0
4.3958795204103405 4.0
3.1717371736486095 3.0
3.1480746308569207 3.0
4.810519979883196 3.0
3.8225959449874076 3.0
4.923342819908537 3.0
1.8608823962873868 3.0
1.796051119032288 3.0
1.5662464914115668 3.0
3.391931609648063 3.0
3.362646637213869 3.0
3.113330065192314 4.0
4.147506481759716 4.0
4.458615541402093 4.0
4.740054575194005 4.0
5.430567774560302 4.0
4.894236991425148 3.0
3.780591959997423 3.0
4.542266457537815 3.0
2.159957362213199 3.0
3.3004846886025665 3.0
1.9029443237288153 5.0
2.9004686148368615 5.0
1.7091757630367121 5.0
5.74977409299012 5.0
2.300127359253718 5.0
2.4574929295479655 3.0
1.6633258972372402 3.0
1.4031465070414244 3.0
2.564814621476906 3.0
1.8709072035907708 3.0
1.2678845820576925 4.0
1.5785527188042328 4.0
3.2846523079831025 4.0
4.151716066992404 4.0
6.002808428427988 4.0
1.659238701615699 3.0
1.846928276467589 3.0
1.1384382265859017 3.0
2.9126104849214807 3.0
4.578697597361522 3.0
2.0705164987584395 3.0
2.0539408165257895 3.0
4.919910556046048 3.0
2.4786566952927487 3.0
4.227144514051809 3.0
3.9404289842312745 5.0
3.77493260592232 5.0
3.5596980053680762 5.0
3.6447960179755943 5.0
5.1604795605850065 5.0
0.780889528438912 3.0
2.104313737098517 3.0
1.0830300792295027 3.0
2.770765726751338 3.0
2.0111644291786113 3.0
1.46474946491315 1.0
1.944533991579433 1.0
1.4650847667894957 1.0
2.7054012108092236 1.0
2.129248876038647 1.0
3.457704318753584 5.0
3.6660764431080755 5.0
3.4178197177828324 5.0
3.6903184804595743 5.0
2.7474648269601323 5.0
2.127032684844109 2.0
3.6184210031619246 2.0
2.5006840426621326 2.0
4.359029729940973 2.0
4.004267252655157 4.0
3.274215501611763 4.0
5.1562733038237445 4.0
4.360791016853818 4.0
3.056441682090877 4.0
4.812106907230089 5.0
5.220638615130976 5.0
4.150567593873836 5.0
5.2915860925727705 5.0
4.495918992941548 5.0
3.713496985076706 5.0
4.791867762231713 5.0
5.153890329018936 5.0
5.818401534417305 5.0
3.0270112523844497 3.0
4.376061580493204 3.0
3.2205213061017095 3.0
3.5111917918714877 3.0
4.618885577376764 5.0
4.676070201304816 5.0
6.128085902192939 5.0
4.688749263869943 5.0
5.8201020947046525 5.0
4.6208379111353555 5.0
1.0252528963685186 5.0
6.213200915639216 5.0
5.774984435100594 5.0
4.743804688252734 4.0
5.106295924026308 4.0
3.767025319733833 4.0
5.52073856740117 4.0
2.2758599546656155 1.0
1.8290850047936795 1.0
1.8755594145156234 1.0
2.8934356473376135 1.0
2.9564468113345965 1.0
3.986398095543462 5.0
3.7427169224555112 5.0
4.700754633514994 5.0
4.032498598745716 5.0
3.7503805328914224 5.0
4.335824009487448 5.0
4.774448813398955 5.0
6.234781528361172 5.0
3.4830093309814356 5.0
4.569509714662553 5.0
2.6320073349960493 7.0
5.5793060344707595 7.0
6.154253886648221 7.0
6.107054661927653 7.0
6.579112405634228 7.0
3.652748020415647 5.0
3.754853306197988 5.0
4.942398880109199 5.0
3.7791689228798564 5.0
3.9408616236572787 5.0
4.513119009853868 7.0
6.251287379657618 7.0
6.124030078971776 7.0
3.4651779274235572 7.0
5.1434594137685945 7.0
5.490961800947383 6.0
4.3302072653871155 6.0
5.4734595471317755 6.0
5.123547830787052 6.0
5.357397060747189 6.0
4.543229016372481 4.0
3.952298462966957 4.0
3.9971099324040638 4.0
4.40278088671088 4.0
3.6016986031623155 4.0
3.4441776637527752 4.0
3.7999225525488454 4.0
2.5475075712040334 4.0
3.906684672727776 4.0
3.656128389814052 4.0
3.4549911919353202 5.0
3.416168860247908 5.0
4.059429803365937 5.0
3.2678733589281914 5.0
3.5263980505345884 5.0
2.891844305748888 4.0
2.9229158126013206 4.0
2.0503332930468736 4.0
3.690255846797163 4.0
3.9810239513305845 5.0
4.979560000473401 5.0
4.630150775370396 5.0
4.867820801408367 5.0
4.764792579675708 5.0
4.06328330779106 3.0
3.1770824475499335 3.0
4.389950757358033 3.0
2.44956529831418 3.0
2.83534144279136 3.0
2.415972673102093 1.0
2.129139434228173 1.0
2.8382608341477633 1.0
2.202287654155691 1.0
2.2653554801906686 1.0
2.264374175646492 3.0
3.531146528592026 3.0
2.430942797013721 3.0
2.1907502228485205 3.0
3.663755508508171 3.0
4.619111406324365 3.0
3.7204034993065 3.0
4.295163200194025 3.0
5.008222092468445 5.0
4.7969818289101 5.0
4.705589518242586 5.0
5.167157831336103 5.0
5.361909162510388 5.0
3.38751506077781 5.0
4.485476264444734 5.0
6.0005200788671775 5.0
5.056859964919957 5.0
3.6604671810723675 5.0
3.0035721607954016 3.0
3.699997182960325 3.0
2.193964165232932 3.0
3.9208768411954003 3.0
3.7943768452790687 3.0
2.606384566354047 3.0
2.899644424969979 3.0
4.818958740548439 3.0
2.196131915059917 3.0
2.767571162903882 3.0
2.7174707811706194 2.0
2.4491498462705064 2.0
3.194589722976766 2.0
2.332355908861542 2.0
2.3109190365652674 4.0
2.8496050891361033 4.0
4.211064432052722 4.0
2.4995170793083417 4.0
3.368779015364294 4.0
3.5391640434197447 2.0
2.176134793027067 2.0
2.2730318684402637 2.0
2.0534824514617673 2.0
2.3966673593690384 2.0
5.930475670233064 4.0
4.249523013920084 4.0
4.541828010447793 4.0
3.4785550374273657 4.0
4.620783858479794 4.0
1.3672629374094885 5.0
3.9793859209881037 5.0
4.0482753448215405 5.0
5.493463135675717 5.0
5.030727714799642 5.0
5.7774894693594705 6.0
6.270133658237746 6.0
6.031335175071121 6.0
5.230782816740286 6.0
6.445494605036752 6.0
3.4142045466255935 2.0
3.523639773743182 2.0
2.9159363777594653 2.0
2.5156763460941245 2.0
3.520503791345952 2.0
3.0538895850207286 3.0
2.762936187725921 3.0
3.8487593854736954 3.0
2.3925170876855963 3.0
3.398467934002181 3.0
2.503013437890467 4.0
2.90636865236401 4.0
3.572620678225319 4.0
3.1566869203724144 4.0
2.728560032049727 4.0
4.147466429360118 3.0
2.090993197890369 3.0
1.4248788251877316 3.0
3.5926181983100065 3.0
3.0441551683904597 3.0
3.0743306137771382 2.0
2.767202166716848 2.0
2.6241385363777217 2.0
2.545096099362453 2.0
2.251530517746601 2.0
4.599219099796354 5.0
5.137057458471879 5.0
5.617273920985414 5.0
6.125011964161276 5.0
6.132461293858154 5.0
3.9731417126514446 5.0
3.9590483348793244 5.0
4.307193018443257 5.0
1.8658474641778304 5.0
2.6177349999893553 5.0
4.277294389836612 4.0
2.9604562903617873 4.0
4.6108109315302235 4.0
4.071385961989469 4.0
2.7704692869491465 4.0
3.056113121831378 5.0
3.107842825906202 5.0
2.892561293274697 5.0
4.809760045251022 5.0
3.8681268244402234 5.0
3.124021419650714 3.0
2.310856924295787 3.0
2.709530214463032 3.0
2.3364616246922267 3.0
2.6216558133358268 3.0
3.19931187207089 3.0
2.686532242083905 3.0
3.7914859819164737 3.0
2.959171372736416 3.0
2.612619735745932 3.0
3.0467348166702033 5.0
2.193464369725066 5.0
1.9173403512349918 5.0
4.37761459791914 5.0
3.482531987815504 5.0
4.287979422399078 3.0
2.697829086892281 3.0
2.697520477574637 3.0
4.19059266920679 3.0
2.8988768341734628 3.0
2.9583954978955864 3.0
1.906411664568121 3.0
2.761521240279914 3.0
0.6532383557315895 3.0
4.0641112964751684 3.0
2.1386569991023574 3.0
3.5087300184849446 3.0
2.2096312215283374 3.0
4.161773650941988 3.0
2.516267738593606 3.0
2.335980750255082 3.0
2.899108734301794 3.0
2.9376991707287456 3.0
4.219953764697728 3.0
1.5978712308120449 3.0
2.3726895039745495 4.0
2.718728683497635 4.0
3.380468738998809 4.0
4.390253241468424 4.0
2.393259226643556 4.0
4.279369676422827 2.0
2.6298204291057448 2.0
1.7334878614133908 2.0
2.0985457436655373 2.0
3.849686470244898 5.0
2.676377430796785 5.0
3.637156079913026 5.0
2.1038368243826335 5.0
2.0812239516798017 5.0
2.135753840876196 3.0
1.984671987532758 3.0
2.722129367152493 3.0
2.118353496342427 3.0
2.1611501849338373 3.0
3.1935671266455308 2.0
2.5038161794272833 2.0
3.172908600135028 2.0
2.5776287637771196 2.0
2.901110795518996 3.0
1.2343677049060091 3.0
1.1091297658058397 3.0
2.282440136207748 3.0
2.006249672575747 3.0
4.217792398103385 4.0
4.065124159781772 4.0
5.416576311112659 4.0
4.796483652160862 4.0
5.308087834990339 4.0
2.351912590245865 4.0
4.037696728465102 4.0
3.5946215461471245 4.0
2.4074705465504924 4.0
2.7753641234280697 4.0
4.203791709558829 4.0
2.9337665216992517 4.0
3.346875734968547 4.0
2.2959453091217195 4.0
3.1054670329735683 4.0
3.6290331680607055 3.0
4.804054400735143 3.0
3.1418663013808823 3.0
4.663018718541539 3.0
3.8635196193397783 3.0
4.77034956008953 5.0
2.801257378206978 5.0
4.369570674382221 5.0
5.070814892909352 5.0
4.953222412345555 5.0
2.5607367794315357 3.0
3.1134835923518427 3.0
3.576661797280074 3.0
2.213774799022982 3.0
2.5684913105360567 3.0
3.7413823924602783 4.0
2.3307973516428797 4.0
3.105117866890097 4.0
5.2935609214520865 4.0
2.3009114100944217 4.0
2.1685291721187356 3.0
2.3074026338981684 3.0
3.4287542018358788 3.0
3.077297620109833 3.0
2.4557865569152066 3.0
2.921975163830333 2.0
3.7283832783989803 2.0
3.1435262666155857 2.0
2.592289134457572 2.0
2.3448144359101337 2.0
2.058426746054439 1.0
1.4473490269629226 1.0
1.168697907029517 1.0
1.0445114630578647 1.0
1.2142331173460275 1.0
3.3269069928937887 4.0
3.627498691930774 4.0
4.3037967171045 4.0
4.358497089814675 4.0
4.918607362731501 4.0
3.148841661716793 6.0
3.5945803443611806 6.0
5.058962112556054 6.0
4.842156062754358 6.0
4.7742029881856345 6.0
2.837460605172193 4.0
2.665517693964687 4.0
1.5601593036526031 4.0
3.4294123252633915 4.0
3.0858155818190744 4.0
2.2503306465043074 2.0
1.442029599143251 2.0
2.6884079246560653 2.0
1.3761162715480257 2.0
2.4126389932056687 2.0
3.0979256246336457 2.0
3.3366557192679127 2.0
2.4476064071235353 2.0
1.9003967879978714 2.0
4.196010392226846 2.0
4.916254480511236 4.0
3.481051444116284 4.0
4.516425255484876 4.0
5.016543735689612 4.0
4.814486710090132 4.0
3.092716417006269 2.0
2.3107268090608573 2.0
1.3828814847558217 2.0
3.087148238536733 2.0
3.1038870281735993 2.0
2.669604887835504 3.0
2.5931365727161984 3.0
3.232869750430046 3.0
1.7752031374795414 3.0
3.0961317023527806 3.0
3.0854931532603014 2.0
2.5436801026636715 2.0
3.330416245245566 2.0
1.9754341687038488 2.0
4.078395140727473 2.0
1.7167616469512992 1.0
2.7852982908247728 1.0
1.8875815030088263 1.0
1.2174683197566585 1.0
1.2618971160278565 1.0
1.8105618759905977 3.0
2.084166376905359 3.0
0.9059680531994051 3.0
2.133837948948776 3.0
2.3983558278800365 3.0
1.0875071484947485 0.0
1.3144360721458503 0.0
2.414737034919854 0.0
1.0094402132295892 0.0
2.8393094647600163 0.0
1.5140552776839733 2.0
1.3108298602467756 2.0
2.3985432034662026 2.0
1.1660481187439373 2.0
2.2359690434945327 2.0
1.8218641295354503 2.0
2.481969524008303 2.0
2.619724147074441 2.0
1.5545698902382235 2.0
1.5389638458208534 2.0
2.5974063359682127 3.0
2.6838030754279547 3.0
2.9055640837789825 3.0
1.5671829084649005 3.0
2.3570983995824735 3.0
1.7971886874023018 1.0
2.014616847166955 1.0
2.1903433004210573 1.0
4.870163133794748 1.0
2.353761823291244 1.0