6.059934282130875 1.0
3.826541371588695 1.0
5.796996339503413 1.0
5.827091427457019 5.0
4.128830916555084 5.0
5.558070459822479 5.0
4.843424357917748 5.0
5.392187854927121 5.0
4.3521435281707435 5.0
2.9253210922978687 4.0
4.517940270008213 4.0
3.9846009136313887 4.0
5.196929713861267 6.0
5.991330265429811 6.0
6.295194385783917 6.0
5.906958755845015 7.0
5.500036282339325 7.0
5.965268755685059 7.0
5.124003778744293 4.0
3.630946672520532 4.0
2.723963742659173 4.0
6.003470270191281 4.0
5.243152178557506 4.0
5.599538065314938 4.0
4.254855792684692 7.0
5.209242073079424 7.0
4.129393316606725 7.0
5.043597142572248 5.0
4.267200522746611 5.0
2.900463119620791 5.0
3.2610032519194143 1.0
2.6300938789731014 1.0
2.768913062580994 1.0
4.306808206366682 3.0
3.861194186365485 3.0
4.076208790122768 3.0
3.0683239646245783 4.0
2.8910642043492523 4.0
1.511545547663337 4.0
5.982641928954279 4.0
5.717274889594926 4.0
5.913576865707699 4.0
5.609226631614107 5.0
4.601884431035316 5.0
6.029336427604762 5.0
6.1701244961422335 5.0
5.518753245470049 5.0
6.004564163609469 5.0
5.2506028354911605 5.0
4.714471023598032 5.0
4.412244316215737 5.0
4.783119429814463 5.0
5.3737951830324855 5.0
3.967369648604592 5.0
4.52936091217012 4.0
4.1651294190991655 4.0
1.8932735200831312 4.0
1.4614306228484697 4.0
2.7604497430508927 4.0
3.4796998625596145 4.0
4.875554975980387 5.0
4.438442693658048 5.0
4.556923627851492 5.0
4.179899688388345 5.0
4.5535603440456995 5.0
3.8329377218975544 5.0
5.1819140066968945 5.0
4.430492073746495 5.0
5.736353320553288 5.0
5.719787999731452 5.0
5.051214705028565 5.0
6.162616403591151 5.0
5.016331848654113 5.0
4.6522580470606 5.0
5.498526339156602 5.0
4.690509110752867 5.0
4.072817507689969 5.0
3.5511727987750388 5.0
3.92765453845499 4.0
4.772918618480124 4.0
4.3169254645046395 4.0
1.293288631607977 3.0
3.6269894422718116 3.0
3.928921757409232 3.0
4.925149908242363 5.0
5.4455338627519945 5.0
4.449716136530828 5.0
2.4562249961736313 3.0
4.318192773335002 3.0
3.2320859650386042 3.0
5.273612290780796 4.0
4.6834592875173415 4.0
4.785955428395376 4.0
4.010343813988286 5.0
3.0029282773380768 5.0
2.3601356429397113 5.0
5.143466129839566 4.0
5.439485407632841 4.0
4.336376377632143 4.0
2.032402223757602 0.0
2.8435392269622053 0.0
3.9414810205272155 0.0
3.9114409476033565 4.0
3.716835088835496 4.0
3.3904129240924497 4.0
4.975404941716994 4.0
4.393889925691716 4.0
4.125461078824171 4.0
4.5905605837153 5.0
3.444175773723987 5.0
4.020376680990309 5.0
5.694592100545825 6.0
5.54678662594556 6.0
5.490488798745622 6.0
3.6487029581333354 7.0
6.232681806244532 7.0
4.956819952718424 7.0
3.2219116988335528 2.0
4.369755603059146 2.0
4.028573473013811 2.0
4.303393691922283 4.0
4.46893415777368 4.0
4.3732498218108065 4.0
5.600936833607966 3.0
4.888577282018343 3.0
2.400200519664514 3.0
5.799141263689824 4.0
4.464813352862806 4.0
5.215522044524646 4.0
4.979682644450142 5.0
3.4865266221774167 5.0
3.089789332811509 5.0
4.624499812168045 5.0
3.5456213110475203 5.0
3.886363810287736 5.0
4.0526110303320095 4.0
4.523585199984731 4.0
2.412338216597179 4.0
4.473976331164174 2.0
4.496913084964436 2.0
4.635746649279636 2.0
2.575069589628131 3.0
4.15994786194763 3.0
4.706250736634799 3.0
4.10317099638301 5.0
4.676858115353709 5.0
5.0309452989340935 5.0
4.889818104081046 4.0
4.205894700902899 4.0
4.650113776689874 4.0
4.063274584937638 2.0
3.7861116248673965 2.0
3.9209381658781153 2.0
2.444322425903088 3.0
3.554584102725864 3.0
3.6440514292461903 3.0
2.3344921241930243 4.0
2.4024909919237025 4.0
2.1719480983799913 4.0
5.085894420804719 6.0
5.655298915331453 6.0
4.629744971465759 6.0
4.667126869817066 5.0
3.423637714843899 5.0
1.7419350687186126 5.0
6.182543592935664 7.0
5.700112917849614 7.0
6.510288598916931 7.0
4.559654604624854 6.0
5.1159378451235185 6.0
5.601119012386158 6.0
2.202872455922145 2.0
1.940746268619791 2.0
1.5545613187725593 2.0
0.4034587645570351 0.0
1.4824322684394613 0.0
1.7146052986805633 0.0
3.3578929089168263 5.0
4.158874721459627 5.0
2.367990450497308 5.0
0.89914450402459 3.0
1.7947161522880204 3.0
1.031291637027467 3.0
4.765413039214204 5.0
2.1626779738835133 5.0
4.142360998027029 5.0
0.7323972567201427 1.0
2.884571956568288 1.0
2.7519139533011785 1.0
1.6936585055508668 3.0
2.711400536395228 3.0
3.461147314377087 3.0
3.2138705803728613 4.0
4.164725253651888 4.0
4.9205938693400775 4.0
3.7316003379658107 2.0
4.257768139781913 2.0
3.4031326251071206 2.0
5.679457061758443 6.0
5.6347105148135475 6.0
4.250020756445791 6.0
3.2485257409637667 4.0
3.822160700442911 4.0
3.278188514984886 4.0
5.371697212917382 3.0
5.61762619551601 3.0
4.184134258081232 3.0
5.567578806163502 5.0
5.67322797206254 5.0
5.718996022211626 5.0
4.805727453062129 5.0
4.646656980580125 5.0
5.975507833467442 5.0
5.6674030548830165 5.0
4.996103264296178 5.0
3.3258352761351446 5.0
3.4580196176585374 3.0
4.723318324022606 3.0
3.3408227659721805 3.0
3.701651952115895 4.0
3.4938440682118124 4.0
3.491672577076888 4.0
4.903734696648879 3.0
2.1365313198904463 3.0
5.6469817701580585 3.0
2.3441730591917302 2.0
1.3324883641487673 2.0
2.69315386701539 2.0
2.3216693329719966 3.0
2.597608575024771 3.0
1.3557754935411568 3.0
2.6851307545199607 3.0
2.2625581309346003 3.0
2.459871365202914 3.0
2.781187715061278 1.0
1.8470765043035682 1.0
1.655259636297017 1.0
5.106499469101591 4.0
4.512942612614726 4.0
5.613051576777938 4.0
4.315428250840375 3.0
4.4993296338615565 3.0
5.083484556907862 3.0
3.127501882727383 2.0
2.4820201472688654 2.0
1.7970117283626217 2.0
1.554051238989971 3.0
2.758158040764893 3.0
1.4962471166142055 3.0
3.5570181899855724 4.0
4.613273746522904 4.0
4.861775710497902 4.0
4.731008744598066 6.0
4.443930700976353 6.0
4.394906024464182 6.0
5.46659244787095 3.0
3.5425587837847528 3.0
5.094281337886471 3.0
5.509892006944719 4.0
4.588858326771988 4.0
4.81320401236073 4.0
1.8156765828605879 0.0
1.7756124525407557 0.0
1.620209904384676 0.0
1.5972782752647137 2.0
3.945417866459119 2.0
4.963773942091141 2.0
4.848224167064903 5.0
6.040540877515297 5.0
4.526068254870042 5.0
4.537995353128456 5.0
4.247253571064127 5.0
4.8851792615124126 5.0
5.122318593141243 5.0
5.1633630597149285 5.0
5.89577749007155 5.0
3.461371139059721 4.0
4.125474405871334 4.0
3.69400685820724 4.0
2.4708867171742144 2.0
3.644775919234513 2.0
4.169712543035831 2.0
2.0012521652521293 1.0
3.5744906464390196 1.0
4.760881559668032 1.0
3.1978399903361794 5.0
6.00324315048049 5.0
6.40612115802935 5.0
4.234769253738008 3.0
4.819155774441681 3.0
3.2384063440807047 3.0
5.643065899999842 3.0
4.124474329991231 3.0
5.385886488181392 3.0
2.463570460593909 3.0
3.497500205227227 3.0
4.082181415268907 3.0
3.9649303048110855 5.0
4.483131935550593 5.0
3.382060580087069 5.0
5.252047148299451 5.0
4.659525084190834 5.0
5.692832298251269 5.0
6.378263505976988 5.0
5.7076335717532265 5.0
6.043617084138575 5.0
1.7944171937380191 2.0
2.465606121318838 2.0
3.085269428162661 2.0
3.0789171584359205 4.0
4.2835559037235065 4.0
4.15667574267705 4.0
2.4064090856701146 4.0
3.3521009474547863 4.0
2.3437291813577774 4.0
2.6049058955206776 5.0
3.19248542291057 5.0
3.7896394505015003 5.0
2.7629686337715307 4.0
2.1675836929454357 4.0
3.4789398488457945 4.0
4.563930340307134 4.0
3.423677696531574 4.0
2.396293770776689 4.0
4.255797947681869 6.0
4.301269563034952 6.0
4.827883431912278 6.0
4.9030555459268665 5.0
3.8831880884904493 5.0
3.322965089356319 5.0
4.661107355724342 5.0
3.0465643479245856 5.0
3.0879527740866766 5.0
4.8858100547676555 4.0
4.000140224166948 4.0
3.6908557124513983 4.0
2.8455919221673605 2.0
3.669514927764471 2.0
5.847317926630991 5.0
5.64442080960821 5.0
5.571646460863051 5.0
3.5113523769226513 4.0
3.8864480295716337 4.0
2.6732729222159115 4.0
4.70617120519534 4.0
5.236320255993576 4.0
5.401531895471453 4.0
5.337891441092122 5.0
4.89091284048452 5.0
3.402581282522473 5.0
2.9725321206748854 5.0
5.5383167977352725 5.0
3.1093616911881634 5.0
2.8002739086680646 4.0
4.644934409290982 4.0
2.9966613541094658 4.0
3.603279146872527 4.0
4.227062178554559 4.0
3.2110386769135744 4.0
4.289982995971712 6.0
3.385480650538199 6.0
4.854501437861739 6.0
2.5062883629917323 0.0
3.292480416840346 0.0
2.720349246732505 0.0
2.777335418144475 3.0
3.5025565079198033 3.0
3.126783479679395 3.0
2.3614989485263718 3.0
3.7801208825958565 3.0
2.8747359048727588 3.0
2.9593929248031263 4.0
3.8105762498711155 4.0
3.5814604200652056 4.0
4.875830264178111 4.0
4.337971560181122 4.0
4.521074483645858 4.0
5.9738581373648785 5.0
5.8086100568267485 5.0
5.9236936739434345 5.0
3.9719939586834094 5.0
4.234198686981495 5.0
4.691598747708714 5.0
4.609446939251158 5.0
5.058786932283016 5.0
5.577893294058515 5.0
3.3884463199176453 5.0
3.6643743628089935 5.0
4.1313746001337766 5.0
4.9991047158156485 4.0
3.677414050507236 4.0
4.391626051978934 4.0
4.812317874940385 5.0
5.282218222890904 5.0
4.769534559765449 5.0
4.428621705803251 3.0
5.219628630357193 3.0
4.562141442931666 3.0
3.026484035005253 4.0
4.099390598266092 4.0
3.883273833510357 4.0
4.03964303290777 3.0
3.7827988963315815 3.0
3.6541697801981283 3.0
3.800713071892229 3.0
2.8885024281158467 3.0
3.3614817754981283 3.0
5.271100271909044 5.0
6.248971229242011 5.0
3.4235330813102656 5.0
4.803449846547592 4.0
4.149895430049967 4.0
4.71240838091658 4.0
2.1174847076049033 4.0
2.5005417996980945 4.0
3.3138966857644565 4.0
4.697029614459432 3.0
3.1757786943782347 3.0
2.2644222168808414 3.0
3.929028730045007 4.0
4.668379649281777 4.0
4.703348531519245 4.0
3.1969454622478395 3.0
3.767282620488386 3.0
4.219909944949061 3.0
3.3664459449000814 0.0
2.6821119328179304 0.0
3.844755839706293 0.0
4.65213162779674 4.0
2.1975402085957843 4.0
3.320650673216967 4.0
3.6264141112222332 3.0
4.403498416751244 3.0
4.172342283422989 3.0
2.6564421710979382 3.0
3.675966103825141 3.0
2.895519857126769 3.0
3.490590650886098 3.0
3.5179110223172168 3.0
2.015511145040417 3.0
2.5068689752083277 2.0
1.7760968475910428 2.0
3.023802028723355 2.0
5.303658191890714 6.0
4.580425157583286 6.0
4.698345715155961 6.0
2.100354862369443 1.0
4.1007544293189655 1.0
2.792958829415466 1.0
3.697496435196211 1.0
3.4697335192112404 1.0
2.759230143795288 1.0
1.683474035989588 1.0
3.035849054325501 1.0
2.2234146604518474 1.0
4.816213930304862 6.0
4.507531654026056 6.0
4.547590389392085 6.0
4.476788432008019 5.0
4.742582943086491 5.0
6.066878204173853 5.0
3.4361313821317436 3.0
3.283844500862943 3.0
2.049873935490445 3.0
3.392495835862459 3.0
4.388843173209091 3.0
3.2345167770502727 3.0
4.6313476557556505 3.0
3.334684486580472 3.0
2.115355121743511 3.0
2.954956597388457 3.0
2.8748365635361814 3.0
2.5941032449851145 3.0
3.563213247868175 3.0
4.569720113708314 3.0
2.7219442394241495 3.0
4.5429917958379855 5.0
4.6538531961039045 5.0
3.8926382171402887 5.0
1.4757085804911638 2.0
1.7340455426089456 2.0
1.880143322994689 2.0
2.081647469934406 3.0
4.13318939084719 3.0
2.7361734252029093 3.0
1.7244291484514538 5.0
4.845993605072593 5.0
1.7909864173122576 5.0
3.430136297074555 5.0
4.252394023808302 5.0
3.233295142235695 5.0
4.299026734762981 7.0
5.331246114825056 7.0
5.145708034501642 7.0
2.9379175037577743 2.0
3.9517073780767404 2.0
1.604277371735565 2.0
4.135066698261119 5.0
4.784364946516259 5.0
4.055938816364955 5.0
3.648024137268937 5.0
3.81364050759127 5.0
1.4332043614668302 5.0
1.8025147822946863 1.0
3.741700695282964 1.0
0.6243958007762908 1.0
4.638548303653843 5.0
4.299565859728409 5.0
4.749172778269359 5.0
4.1091506575320675 6.0
5.360260839502852 6.0
5.230691989162284 6.0
1.9202022427770975 5.0
1.7099768864797047 5.0
3.0431307415075195 5.0
4.04815574090512 7.0
3.53961687870299 7.0
1.3786640532828727 7.0
1.951191312794237 1.0
2.374136276053525 1.0
0.6879515421461245 1.0
3.8176727315350365 5.0
4.174210227381335 5.0
2.900313773506582 5.0
2.281965147423421 0.0
0.6934259706859184 0.0
3.554796048706318 0.0
3.100264840338023 5.0
3.5263147169563474 5.0
6.970775728045544 5.0
1.3602078180106814 3.0
3.464825833986948 3.0
2.80946340408375 3.0
3.426221903884631 4.0
3.933856324136744 4.0
4.449430749041942 4.0
2.410922397070365 0.0
1.505078973949546 0.0
0.8454401409930281 0.0
4.02892108881206 5.0
3.9432674730573467 5.0
3.9379972884867382 5.0
2.137368386726802 4.0
3.544371530567285 4.0
1.3829054200346456 4.0
1.4933583011955958 2.0
2.69036558555417 2.0
2.4895312244218855 2.0
2.1140184059791554 0.0
2.5419837520939685 0.0
2.7637065634763145 0.0
3.0578127647705564 5.0
4.632034405719046 5.0
3.247755372521298 5.0
2.576968588991707 5.0
4.282197378671995 5.0
1.9735169137073165 5.0
4.540821554346233 4.0
4.109863914603787 4.0
5.321972324628118 4.0
4.884948002971296 3.0
2.304798629175832 3.0
4.490181023538978 3.0