4.5641840184371905 5.0
2.8473720989471727 5.0
3.8975299181725602 5.0
5.336577277559991 5.0
4.716775474944876 5.0
2.7371278700524027 3.0
2.646367831462389 3.0
4.205100730389423 3.0
3.2012070434748296 3.0
1.9065068136098726 3.0
3.297464828716118 5.0
4.584800706861381 5.0
5.224107682581642 5.0
5.629270180761653 5.0
3.970121042185808 5.0
3.8101763337292844 4.0
2.826401470304449 4.0
3.356182710030116 4.0
3.831716541001234 4.0
4.464583852304708 4.0
1.6346665158540759 4.0
4.599761233616895 4.0
4.127111718091993 4.0
4.919183730381 4.0
3.038507298816055 4.0
1.36467309403857 3.0
1.5994331910168724 3.0
2.30794197144604 3.0
3.4806966187866917 3.0
3.4230025298961952 3.0
1.8086897983340513 4.0
3.307309022153788 4.0
4.497111187012071 4.0
5.182999691053156 4.0
4.338786480971745 4.0
3.4037299406121235 1.0
1.6549230351689102 1.0
3.573503445590872 1.0
2.3829205589492566 1.0
2.5203395768281545 1.0
4.408757919505829 4.0
2.8794710215755197 4.0
3.6091076210168365 4.0
4.385038127701147 4.0
4.714569994135256 4.0
3.229080828115795 3.0
3.5615822855327215 3.0
3.109901042835994 3.0
4.006942188064682 3.0
3.457822201624918 3.0
4.728226917654596 7.0
5.861473836461641 7.0
5.644889890132585 7.0
6.447373065786611 7.0
6.07099616646124 7.0
5.3026030690714725 7.0
6.270037607285167 7.0
5.940818177499994 7.0
5.12757150275987 7.0
2.961274664510266 7.0
2.3049714173868567 3.0
3.4677451508169588 3.0
3.2944933858829124 3.0
4.688577361263362 3.0
5.132619955999418 3.0
2.8712866946218125 5.0
3.338350790034415 5.0
3.6993776742065396 5.0
4.566446134910126 5.0
3.607097232123627 5.0
5.138353086992494 4.0
5.904417375382557 4.0
4.830195754380474 4.0
4.898414704846191 4.0
3.890811421637911 4.0
5.02311683006824 6.0
5.50201628926429 6.0
5.20885699072787 6.0
5.664398872736729 6.0
5.1882028382777445 6.0
4.935353931112105 5.0
5.754774579892381 5.0
4.887251226878576 5.0
5.823396818024063 5.0
5.668102870529528 5.0
4.07566417427862 5.0
6.460923355773966 5.0
5.207934168836975 5.0
6.077120444313231 5.0
6.1437237229081125 5.0
2.9243818012905813 4.0
4.8467608712840935 4.0
5.109982628847142 4.0
4.376934122344823 4.0
5.392775193170991 4.0
6.10116872814997 7.0
5.995251884230945 7.0
6.01644313005817 7.0
5.49530374517696 7.0
6.054563346807404 7.0
3.2649066190479155 5.0
6.311691284592163 5.0
4.297244138844501 5.0
3.700019348571963 5.0
3.26046237126758 5.0
5.254346841324521 3.0
4.683051159196943 3.0
5.0931918902778115 3.0
4.783582947628701 3.0
5.855418704438221 3.0
4.499885635175123 6.0
6.052235968413927 6.0
6.348412461327703 6.0
6.0364396984314475 6.0
5.765486404791075 6.0
1.9036447399111458 5.0
4.360114173525823 5.0
4.834371598143442 5.0
4.030705881853184 5.0
4.902047484562235 5.0
3.028398593945887 5.0
3.4254807531923097 5.0
3.7221807474174207 5.0
3.398708067289093 5.0
3.611291550632779 5.0
4.683222287833633 6.0
6.238343218351686 6.0
5.8170383280055225 6.0
4.377116292878203 6.0
5.739163516646829 6.0
5.234477311776339 5.0
5.316147818833232 5.0
5.785604664226734 5.0
4.78126421513446 5.0
4.356932412470573 5.0
3.7110223857678073 5.0
5.677924923271009 5.0
4.473237070403951 5.0
4.332781376615772 5.0
5.556527571290242 5.0
5.723568425818271 6.0
4.652168685864846 6.0
5.2833178796357165 6.0
5.5293327236919305 6.0
3.7174055908961603 6.0
4.100103196589044 5.0
3.061457567708826 5.0
3.777130984611714 5.0
5.647872215234035 5.0
5.2593033751144915 5.0
5.424421449119673 4.0
4.564603508273025 4.0
6.13482632562387 4.0
5.472769554205221 4.0
4.992928732248241 4.0
3.521256713386223 5.0
2.442566050431946 5.0
4.835929744540497 5.0
4.898172589687257 5.0
5.581510582306326 5.0
5.797437019072334 7.0
5.651945046568746 7.0
5.917966992061616 7.0
5.937075920030381 7.0
4.387892155240638 7.0
3.4179618396362077 5.0
3.5334121448405997 5.0
5.54880276297671 5.0
5.882005804307531 5.0
4.985261462899501 5.0
4.030262863676278 4.0
4.341035263324665 4.0
5.201634353827524 4.0
5.490109700279956 4.0
4.677378647025711 4.0
2.461901576453357 3.0
2.995648446882348 3.0
3.727462425259856 3.0
2.1506136318973477 3.0
4.448696969353417 3.0
4.483713602572749 6.0
5.030551811692726 6.0
5.55098485853255 6.0
6.127506688186717 6.0
5.132591714856701 6.0
3.589332126068796 5.0
5.828068470314291 5.0
5.081519903472404 5.0
4.5301607842162035 5.0
4.961073602610039 5.0
4.762891523623791 5.0
5.747252001159346 5.0
5.003239754291379 5.0
3.6391681356560555 5.0
5.370396294671941 5.0
3.903096793121015 4.0
1.8512355755067111 4.0
4.54348981944185 4.0
2.917215830070074 4.0
4.150454695286026 4.0
4.801047092443505 4.0
4.803293115811993 4.0
5.998964129292227 4.0
6.0031958058543395 4.0
5.098841183002719 4.0
4.7166192779182685 6.0
3.9928620266650543 6.0
3.1964297736646756 6.0
5.51576316561862 6.0
4.9674908238341136 6.0
1.8869510846449709 5.0
2.6945393588004083 5.0
2.1986247431554324 5.0
3.088698853963498 5.0
4.52531855671249 5.0
5.519993701493086 7.0
3.558147149727691 7.0
6.176347295157252 7.0
4.528130595559515 7.0
4.934635099053141 7.0
6.362827603719316 5.0
3.838831176439079 5.0
4.884901676621779 5.0
4.871815614967151 5.0
2.6198977333251787 5.0
3.3119340039182608 5.0
3.3375758151676034 5.0
3.7188671068379473 5.0
5.429870202133751 5.0
5.832840166058013 5.0
3.8954527743571687 3.0
4.122354811656019 3.0
4.403380912140612 3.0
3.584581593919478 3.0
5.0050064508376035 3.0
1.13569059161163 4.0
4.913111877222581 4.0
4.426202421347855 4.0
4.592252975834179 4.0
4.039136116095032 4.0
3.3779902373773334 3.0
5.078523052122549 3.0
4.143237836184086 3.0
5.362969945432478 3.0
4.480806946257145 3.0
2.2629037354135533 3.0
3.3431475748446604 3.0
4.019706133859479 3.0
4.15291617789593 3.0
3.762281300941314 3.0
6.082609103984613 7.0
5.391638768818919 7.0
5.199670616744317 7.0
4.682079327103624 7.0
5.253435071404246 7.0
2.877658572860092 5.0
4.726483160484756 5.0
4.9792477720332275 5.0
4.160595843289838 5.0
4.097078020040185 5.0
3.856576993747432 4.0
1.9659599621430874 4.0
4.517351300866489 4.0
4.695804350365651 4.0
5.615073916588277 4.0
3.7809506549306318 3.0
3.6972717392277 3.0
4.6337931470800235 3.0
3.048253782623542 3.0
5.182597213104932 3.0
4.7893107086613895 5.0
3.3176374018997112 5.0
5.76776307196551 5.0
4.191413544425965 5.0
4.392779336399956 5.0
3.0225150593725365 1.0
3.092754453618461 1.0
3.801209672621495 1.0
2.0902913733255013 1.0
1.6951485355059852 1.0
3.5299799046123606 6.0
4.898590917765698 6.0
5.399366860320595 6.0
5.014703910379831 6.0
5.826282403209039 6.0
3.2201508124475526 3.0
2.49125880991725 3.0
3.0691781400980496 3.0
3.5475275544707565 3.0
3.429445948296909 3.0
2.960400046362034 2.0
3.1944364042352253 2.0
2.5990471862260773 2.0
2.245897082153697 2.0
2.293340445677568 2.0
3.8051780291016395 3.0
4.558695340680385 3.0
3.475014871325753 3.0
3.66722483940174 3.0
1.567786471373125 3.0
5.095328742119976 6.0
4.6933687937839 6.0
5.150096451469744 6.0
3.8425859746375313 6.0
6.097935273309011 6.0
4.181808024261742 5.0
5.196144823025116 5.0
4.561104872707785 5.0
4.972664055540681 5.0
4.880769892117654 5.0
2.9583583011091945 4.0
4.16340485873285 4.0
3.4065437469770927 4.0
3.6952509880849678 4.0
1.7423479575480763 4.0
2.837830577772463 4.0
2.5417791244524084 4.0
1.4103516192214864 4.0
3.357734545754909 4.0
1.2064907665879847 4.0
4.215340044205138 6.0
3.1509174701633276 6.0
3.0781263266333143 6.0
4.9577496631237565 6.0
5.530287976122427 6.0
3.9845134386201924 6.0
5.295361291405471 6.0
5.245591502787109 6.0
5.045766853528272 6.0
5.721172481366763 6.0
0.9325692794616769 0.0
1.3514276098728426 0.0
0.46545912473580037 0.0
1.0327971640831213 0.0
0.06522879440873325 0.0
2.3419418280236766 1.0
2.906155726305294 1.0
1.0194075425709848 1.0
1.6217879620527993 1.0
1.1574002707225401 1.0
1.9487985380999366 0.0
1.5470651811329899 0.0
1.2172983723245718 0.0
2.7919689562168717 0.0
0.8973330461808804 0.0
1.730997731862686 0.0
2.0245665437572242 0.0
0.3601030622270065 0.0
0.5266770582191983 0.0
1.463233833711075 0.0
2.0004666468112027 0.0
0.7474961913984486 0.0
0.37837268123990037 0.0
2.67177780114872 0.0
1.1084057177640563 0.0
1.5237414655648809 1.0
0.15322275622908293 1.0
2.5882762710882115 1.0
0.8292189128709493 1.0
3.0868272073740974 1.0
0.21943610860461665 0.0
1.5363059057041049 0.0
0.7897863057174481 0.0
0.17582882991278267 0.0
0.5807684385984847 0.0
1.9514021159553572 1.0
1.9571647802103738 1.0
1.3384799082500434 1.0
1.0170123198071093 1.0
1.2284691947682413 1.0
3.3793181200990605 5.0
2.4229432071340016 5.0
6.038591634122429 5.0
5.533080619928941 5.0
5.3399355676156555 5.0
1.3239398773038642 3.0
2.698066791584351 3.0
3.764107003460549 3.0
1.6857427605596949 3.0
1.4394672822030745 3.0
3.2684221798379953 1.0
0.8008165624273794 1.0
1.6969678291245742 1.0
1.4662546574141753 1.0
1.9960631814406145 1.0
3.3247562971904254 5.0
3.6330613263044933 5.0
4.82251197345185 5.0
5.383707737477266 5.0
4.380304830023488 5.0
2.8707149676416908 2.0
3.332394213130686 2.0
4.976982860461351 2.0
2.606394564028824 2.0
3.7359047474774596 2.0
3.313142739842023 5.0
4.189316754150636 5.0
4.673281846326615 5.0
3.676439551169215 5.0
4.5773884491427355 5.0
2.4707567501028795 3.0
3.478484923954296 3.0
4.947651194226913 3.0
1.4427301141094135 3.0
1.7871961729963382 3.0
2.714684215861987 3.0
0.86120683784602 3.0
1.606853813334147 3.0
1.9062169739083576 3.0
1.3859918685342991 3.0
1.4605554988274465 3.0
1.5834552807908264 3.0
4.221618944576273 3.0
1.5061785946756174 3.0
3.1161526766390293 3.0
3.831540222428596 3.0
1.551779920634855 3.0
3.740360668061022 3.0
1.3472167587239512 3.0
2.6918343422912576 3.0
1.8797960234168745 4.0
3.584801206709356 4.0
3.126666710172809 4.0
4.193768119072914 4.0
5.217063350228429 4.0
1.624796022350352 4.0
3.4337754407558307 4.0
4.7590595061273575 4.0
6.378965292667232 4.0
3.148785299224738 4.0
2.2042799453498434 1.0
2.1707436387974113 1.0
1.571112507671555 1.0
2.5052857386072196 1.0
2.1958302452887946 1.0
3.4483218917375296 3.0
3.2195360843340612 3.0
2.2349278295228023 3.0
2.6753676573757046 3.0
2.525864061597316 3.0
4.089832418156885 5.0
4.567112435951771 5.0
5.424492877983296 5.0
4.144128683843428 5.0
4.974239158166843 5.0
1.1580225682681855 2.0
1.2002401608515991 2.0
0.6917995855252652 2.0
1.889041372224608 2.0
1.7745498409475913 2.0
2.9815419974174358 5.0
3.396040834839359 5.0
2.889052029766507 5.0
4.318696878819349 5.0
4.240612522969988 5.0
1.6727858571742524 2.0
1.833422510192845 2.0
0.15364013606691299 2.0
1.5432498176919485 2.0
1.0496562146451922 2.0
4.192894258905546 5.0
3.315455659007979 5.0
4.7770677627633775 5.0
3.639173432650209 5.0
3.846140390778105 5.0
0.8761572489685548 3.0
0.9311518614371094 3.0
1.00991447414459 3.0
3.120618559169416 3.0
2.5720819768757766 3.0
2.6052410241761987 2.0
2.37325861543507 2.0
3.800729303845075 2.0
2.258782551858788 2.0
3.5876524541798887 2.0
0.9652289074236792 4.0
1.2259285609735768 4.0
3.2666344952643755 4.0
4.497935862084158 4.0
3.0277681984348765 4.0
1.856566443821577 5.0
1.225101595657388 5.0
3.497210156860778 5.0
3.330179500800749 5.0
4.455953730594322 5.0
4.63430268055501 5.0
4.9690922285561765 5.0
4.837554477243245 5.0
5.4316438614154325 5.0
5.550537863392406 5.0
4.287462500004501 3.0
4.487247134443583 3.0
2.450559681447575 3.0
3.475506943249639 3.0
2.8457736511899476 3.0
3.8117630546146537 3.0
4.457040778981768 3.0
3.891280903762614 3.0
4.175533080028511 3.0
3.8831087078577493 3.0
4.243095859364299 3.0
4.91330278054088 3.0
3.2363628544240775 3.0
4.128717340331705 3.0
3.0225332437579855 5.0
4.0788880615429814 5.0
4.341100343279529 5.0
4.076181874306397 5.0
3.1532825777874987 5.0
3.8134327968250763 6.0
4.515521953344158 6.0
4.1103843491981715 6.0
4.46078949572873 6.0
4.515367285645977 6.0
3.291597429646165 3.0
5.90851869765476 3.0
4.570034711874522 3.0
5.7379130866871675 3.0
5.79575149880308 3.0
3.6587692554514986 5.0
5.5418573790172765 5.0
4.03560326857088 5.0
6.1926013470337615 5.0
5.999389434139873 5.0
3.237496739934996 5.0
4.99156055441823 5.0
3.5793555880980303 5.0
4.546204268641779 5.0
5.776618265703295 5.0
3.645468098381579 6.0
4.982011904645129 6.0
5.506396007529635 6.0
6.109445865388047 6.0
5.3139541891178945 6.0
2.801298398362516 4.0
4.240316961147577 4.0
3.7775273999334593 4.0
3.376771941179546 4.0
4.60786839779907 4.0
4.036533999404729 6.0
5.979887772107178 6.0
5.772649863173935 6.0
6.139633867356961 6.0
6.1021096778568005 6.0
4.29980556302409 5.0
3.74934338840757 5.0
5.094795245040766 5.0
5.152198681651698 5.0
4.554494767609114 5.0
4.261193313382083 5.0
4.3849850555653 5.0
5.939918594131321 5.0
5.4838801980414 5.0
5.6228625823511384 5.0
4.025147110902905 4.0
4.3761279452637645 4.0
2.735661879486132 4.0
4.53249536101707 4.0
4.039578188957346 4.0
4.262512970037906 4.0
3.1234050421765187 4.0
4.097805622146558 4.0
3.8815814458830067 4.0
5.187779050455819 4.0
4.229931572079039 4.0
2.999307386608904 4.0
3.497767699378477 4.0
4.2274360787853 4.0
4.261707552219821 4.0
3.2684008269251055 4.0
3.2584613178822766 4.0
3.003859252719471 4.0
3.399729312254859 4.0
2.587664256641634 4.0
3.1771851058895093 3.0
2.52378625492208 3.0
1.0572282889348779 3.0
2.602753896078935 3.0
2.2345009065203993 3.0
3.2032035118336135 5.0
3.556373817527718 5.0
4.943066720381525 5.0
4.468642442078629 5.0
4.212659232612858 5.0
4.555103946028309 5.0
2.831481036803424 5.0
4.4445669867383675 5.0
4.550289686277257 5.0
2.2868568205565154 5.0
3.193502137654634 4.0
2.9567606973215463 4.0
5.128930842844634 4.0
4.9102999040477355 4.0
3.3783655171906926 4.0
4.172528006995821 3.0
2.7937847086627055 3.0
3.923705458162983 3.0
2.9293401096105263 3.0
3.8929462926434133 3.0
4.100177021830977 4.0
4.8189163275614195 4.0
2.7031260829643142 4.0
4.146985715074503 4.0
4.263329568192932 4.0
3.9784716132907367 4.0
2.7670128180134075 4.0
3.614150812316008 4.0
3.494689372246575 4.0
3.3477587688146624 3.0
2.7309401507951137 3.0
2.7356782900196097 3.0
2.141385061156756 3.0
4.667004995888606 3.0
3.856759699082 3.0
3.577605627638639 3.0
4.716322344298391 3.0
3.7423402709130262 3.0
3.605196676677313 3.0
2.649991174644651 5.0
3.0001977685982246 5.0
3.4439115408668335 5.0
3.103620405535283 5.0
3.232197637665812 5.0
2.1248138578411933 4.0
2.0689214624325363 4.0
2.534089539857617 4.0
4.106340029198312 4.0
4.380281763451163 4.0
2.2626425415165747 3.0
2.376051281138935 3.0
2.605447296636972 3.0
4.271007242173117 3.0
3.610793083052087 3.0
4.295053466004501 2.0
2.250315566069531 2.0
1.7184595001272225 2.0
2.26901660538692 2.0
2.642263075876207 2.0
3.8891182699335864 3.0
2.427889034926383 3.0
2.688267923279243 3.0
2.782041347616251 3.0
3.982186416691638 3.0
3.844536427707005 4.0
3.065480438058845 4.0
3.806039582520379 4.0
4.132663559010221 4.0
3.3459020720061 4.0
3.1474792474510815 3.0
3.343831596357301 3.0
3.679466821864032 3.0
3.5609458757913215 3.0
3.9654526887121535 3.0
3.7599673444874884 5.0
3.9899228262011306 5.0
3.065509210599934 5.0
4.242765427929155 5.0
4.188912896401898 5.0
3.3526545299044836 3.0
3.543254707493187 3.0
3.8534766798770606 3.0
3.614781743867141 3.0
2.677595078557813 3.0
3.0382122554164948 3.0
4.07419500002025 3.0
1.2508290003806202 3.0
3.7124163344541263 3.0
4.1092259126902855 3.0
4.092149032080445 4.0
2.5086699155055854 4.0
2.8562602842766966 4.0
4.198179749170031 4.0
4.1053005802148625 4.0
2.4117759864947894 5.0
3.586179876215402 5.0
2.834834583578211 5.0
4.208102666085021 5.0
3.061244112448827 5.0
2.59637514136658 0.0
2.644726977743327 0.0
1.5883600177631687 0.0
2.4499605446054322 0.0
3.997724638897232 0.0
2.412473875602562 2.0
4.709865736099293 2.0
3.7318736123906855 2.0
2.3655963932335258 2.0
1.7010267220507576 5.0
2.797804555457812 5.0
2.922694440700081 5.0
3.5239212698401463 5.0
3.614601050825483 5.0
3.5048342767982605 4.0
4.233058767932792 4.0
4.207952966416353 4.0
3.384269809782271 4.0
3.4820584983425915 4.0
4.452158189936493 4.0
3.792872396427414 4.0
3.1478362599086473 4.0
4.1204891089656215 4.0
2.7060317667686555 4.0
3.3786422212700353 3.0
2.811695063057193 3.0
2.914205299482327 3.0
2.598997314289577 3.0
1.608846645841784 3.0
3.936212561648139 4.0
4.410488731268404 4.0
3.4639008269695837 4.0
5.247251306257177 4.0
3.604724181520679 4.0
3.8465546482826167 5.0
3.7964704203680166 5.0
3.0026049048905183 5.0
5.518279485207467 5.0
4.00339784657955 5.0
2.509883864556439 4.0
2.7439737753136106 4.0
3.357796969363383 4.0
3.8096074317786446 4.0
1.6193128198793167 4.0
3.3386442873556104 3.0
2.8551607182401835 3.0
3.1711391350851637 3.0
2.937219068745769 3.0
1.8310647929203923 3.0
3.9594643367070463 1.0
2.370070692933424 1.0
2.3598337703692773 1.0
2.0180163578316463 1.0
3.8983453663908096 1.0
3.6170812317606287 5.0
5.301575784377307 5.0
5.404961090692689 5.0
5.583542564248742 5.0
3.8000392846692588 5.0
3.83069465314615 6.0
3.3243916314325457 6.0
4.4159245507143785 6.0
4.267735401333807 6.0
4.831743356611477 6.0
4.4131293478933 3.0
2.5623205950195107 3.0
0.9038439258410611 3.0
4.71543399271027 3.0
3.822455209205761 3.0
2.4121034729011543 2.0
1.6461541789656597 2.0
2.7960581408117178 2.0
1.0655961822651823 2.0
2.384711877733012 2.0
3.046235621160808 3.0
2.5155716117712346 3.0
4.859492376701716 3.0
2.908247933647235 3.0
3.3834404674328824 3.0
3.0500903076234565 3.0
2.6060743135071807 3.0
4.3670891610960885 3.0
2.1533537013715613 3.0
2.4397523118683715 3.0
3.1988111576943496 2.0
2.6357525997874585 2.0
3.8570353279816736 2.0
2.3486841468759305 2.0
2.854755567955322 2.0
1.6738163185148824 3.0
3.062742723993972 3.0
3.7671257677632752 3.0
2.563190727729773 3.0
3.880608598778641 3.0
1.9445221493299392 2.0
1.6423286192422253 2.0
2.208081733822317 2.0
2.7414701003834043 2.0
1.401012516929773 2.0
3.6105431959410956 3.0
3.4747590864534934 3.0
1.8574037132690115 3.0
4.101778572146593 3.0
3.9928753651900486 3.0
3.4380948943773157 2.0
2.2794385590365427 2.0
1.8877128207170903 2.0
1.4756765701804917 2.0
1.907403082254914 2.0
1.8773781385428383 3.0
2.1341110564029746 3.0
3.1888379664849653 3.0
5.126065534056891 3.0
3.3855106694829264 3.0
1.8851893448256596 1.0
2.1014681840889016 1.0
1.3171691754878316 1.0
1.6475968906304381 1.0
0.7384911388085434 1.0
3.2402306266727603 2.0
3.784351721869043 2.0
2.907144244603379 2.0
0.9024406072794383 2.0
2.8101052739414407 2.0
3.5075531577019126 1.0
3.7914855790047564 1.0
3.0023312917007217 1.0
1.5107980814106694 1.0
2.9568759707147305 1.0
2.6534959249944943 1.0
1.943531106856358 1.0
1.8541662533021737 1.0
3.49599788937597 1.0
3.6134446051002 1.0
1.504902137584499 1.0
1.2352879903250762 1.0
1.0930838370615623 1.0
2.57070174374903 1.0
1.1955449153142959 1.0
1.9537048140658082 4.0
2.8489858935135093 4.0
2.885592827286714 4.0
2.577028046356038 4.0
4.531382698791334 4.0
2.181206826002909 3.0
2.7712950988890586 3.0
1.5924591891786524 3.0
2.6739716714297406 3.0
3.0457544568152746 3.0
2.562766749985375 2.0
1.8613454469056099 2.0
2.1577417261011265 2.0
1.3385436419443346 2.0
1.1582258511169952 2.0
2.653876179844197 5.0
1.4157657089681817 5.0
2.7917047712778964 5.0
2.467323502219476 5.0
2.9941621362340523 5.0
2.822740977470274 4.0
4.968395676952946 4.0
3.065300695608989 4.0
3.3255249778676976 4.0
2.9050597911283056 4.0
2.931753974999416 3.0
1.4506630110183567 3.0
2.2889787370479233 3.0
3.250713141092588 3.0
2.4517144603298995 3.0
2.3938890939457935 2.0
1.9765867753747073 2.0
1.3930310551537404 2.0
1.6376161976978194 2.0
1.5983669218111825 2.0
2.865670643664885 5.0
4.109065657747148 5.0
2.950377884617729 5.0
2.7055138810476524 5.0
3.87353321673526 5.0
3.4384719887334483 4.0
1.9435121138808555 4.0
3.4207381120606315 4.0
4.184266990866399 4.0
1.8625047001421111 4.0
2.4952804250133753 2.0
2.185333461041342 2.0
2.471647453189494 2.0
1.1096487011921083 2.0
1.5632879603515786 2.0
3.3986655825145444 1.0
2.8631132878365655 1.0
1.9393899068827143 1.0
2.4981177669424035 1.0
2.2897992016210327 1.0
2.195795899618159 4.0
3.962581544468337 4.0
4.729504747268138 4.0
4.750508518189251 4.0
4.538985745587429 4.0
5.767552371689196 6.0
3.765709622813812 6.0
5.576474777662687 6.0
5.078781028059375 6.0
4.865875510808831 6.0
3.1578391012529297 4.0
5.971682592969454 4.0
5.29164130319638 4.0
4.145441965622011 4.0
3.3979732524684567 4.0
3.3607564312915024 2.0
1.4520588330167528 2.0
1.806859267249214 2.0
1.875893341308498 2.0
1.880954724380575 2.0
0.4691333483543671 0.0
0.6610271310900153 0.0
0.5751685006522569 0.0
0.8121085089049844 0.0
1.7004617136408844 0.0
3.582774063194074 0.0
1.7748261733586943 0.0
1.4428007163914724 0.0
2.0800179922911135 0.0
1.7124047474877677 0.0
1.5365290810038108 3.0
0.9007466191822289 3.0
1.4850085230911367 3.0
0.8608667627861328 3.0
1.5717112129651276 3.0
2.148909208838816 1.0
1.0695416238229671 1.0
3.4390260384190454 1.0
2.280735455439988 1.0
1.3170358960811526 1.0
1.3863774967517621 2.0
3.101690859804422 2.0
1.22162432599526 2.0
1.454222906261552 2.0
1.1990796210953345 2.0
0.35727268773509613 3.0
1.5119950387331338 3.0
0.27905295613232295 3.0
1.8906939844634372 3.0
0.39886698261734926 3.0
1.7920051090552418 3.0
1.7199650960520798 3.0
1.4895871268463428 3.0
1.2036728215706565 3.0
2.08405284783355 3.0
3.9216430079443105 2.0
2.551848825214253 2.0
2.9637113544786753 2.0
2.186094945239424 2.0
2.0903560738586187 2.0