4.748189311624984 5.0
3.8677177903257425 5.0
3.799751757049486 5.0
4.577487425626873 5.0
4.089218778068368 5.0
4.20467607223786 5.0
3.8010699896003546 5.0
5.7056244817536 5.0
4.312142741294595 5.0
4.838839106986164 5.0
3.0918536593775485 6.0
6.514745692180129 6.0
6.668990897152807 6.0
5.833496513583656 6.0
5.367402129649788 6.0
6.071236655032987 4.0
6.036120213917915 4.0
3.4036751207504246 4.0
5.2019715673592195 4.0
4.9728203733516985 4.0
3.164889478148286 6.0
4.1238371454698655 6.0
5.908451582901658 6.0
4.351931417601728 6.0
5.955180730621267 6.0
4.826425463509709 7.0
5.14751498014879 7.0
6.301207101910921 7.0
5.923805210734644 7.0
5.3003639816353045 7.0
5.0926077858766305 4.0
3.845977766515177 4.0
4.073978550230618 4.0
4.260318127989846 4.0
2.5011424468490797 4.0
2.442575629184325 5.0
4.727896671629303 5.0
4.915129237969792 5.0
5.720481826400237 5.0
4.831368099325148 5.0
4.320586584712616 6.0
3.7848181214874184 6.0
5.902156830271478 6.0
5.869507253253435 6.0
3.7055131706399 6.0
2.1630817973684326 0.0
2.9337888153350797 0.0
2.648235264072995 0.0
2.098867511067792 0.0
3.371677882356167 0.0
4.740389659025701 4.0
2.266162809308553 4.0
5.366055115008252 4.0
5.008024770399269 4.0
4.9400830386314105 4.0
3.0475747452980495 3.0
2.91693969166028 3.0
2.2857072126219444 3.0
2.0835680691303966 3.0
1.1882104910045554 3.0
5.946803819889473 5.0
5.976951587308425 5.0
5.632302471961963 5.0
5.364366959763567 5.0
5.671312551671885 5.0
5.634071768954861 7.0
6.0162270638679995 7.0
5.9718194304744125 7.0
5.959431144538797 7.0
5.7179669484365325 7.0
4.137077265759243 5.0
5.457075833668876 5.0
6.7703527523815215 5.0
6.592741838182407 5.0
5.287064174891951 5.0
4.544826220085898 5.0
5.53858236927608 5.0
5.19864588628887 5.0
5.179320108750018 5.0
2.830361118041315 5.0
4.055605636249146 5.0
5.030829330801211 5.0
5.9503545528038915 5.0
5.2970766172179 5.0
5.280666110272463 5.0
3.841708967795343 3.0
4.519435167313689 3.0
4.5253590204794225 3.0
4.658636317579162 3.0
4.808873351974727 3.0
4.851940005465668 3.0
2.525813482868981 3.0
2.991281585763502 3.0
3.7388557481613605 3.0
3.212549052706529 3.0
5.3215790085717085 5.0
4.827866430748376 5.0
3.9867653163558456 5.0
5.770689308217958 5.0
4.763555312447121 5.0
4.241771007538853 4.0
3.930202502342909 4.0
4.5388421850678595 4.0
4.327944923673908 4.0
3.1068778397371677 4.0
5.787915515622084 7.0
5.29765889309389 7.0
6.282380889041959 7.0
6.387328142148719 7.0
6.2456194153819675 7.0
4.487974613280978 4.0
4.447489369932675 4.0
4.0387080592487425 4.0
5.832494136474095 4.0
5.422414813179114 4.0
3.8312009118559325 4.0
4.763955525292647 4.0
5.739629468618491 4.0
3.3657241575212633 4.0
3.962339772561344 4.0
2.478545883913734 3.0
3.001575150467372 3.0
2.8856438837224836 3.0
4.586140934362568 3.0
4.54687806863658 3.0
2.60864995305666 1.0
3.0553111980372645 1.0
3.0746634177050307 1.0
2.7512456955046476 1.0
1.3947690739308105 1.0
3.4376315625668377 4.0
3.3469523509303083 4.0
5.8390534538159 4.0
3.6021594443313396 4.0
4.007144717679221 4.0
3.3589291208543317 5.0
4.085767212308759 5.0
3.948263492305469 5.0
4.404269434615227 5.0
3.369817349445846 5.0
4.364389420141143 4.0
5.332093573506344 4.0
5.030256183020979 4.0
4.978712287763628 4.0
4.09891842013281 4.0
6.526284530590561 5.0
5.703904623798795 5.0
6.221343247389125 5.0
6.682043583116366 5.0
6.578754761206601 5.0
2.225082521931162 3.0
2.8519378948189806 3.0
4.024213797357838 3.0
2.222274725109212 3.0
3.7647902007660328 3.0
4.938013622718343 5.0
5.121257479363113 5.0
5.401045464713452 5.0
6.0309199933887205 5.0
4.273612139696442 5.0
3.1352794042778553 0.0
2.276607601670416 0.0
2.9647299738319783 0.0
3.784384812548296 0.0
1.9020887980280154 0.0
3.1487841161253245 4.0
2.1030983857998637 4.0
3.3596724103978497 4.0
4.236738951441309 4.0
3.6140132132780987 4.0
3.581740320811502 3.0
3.975686259183316 3.0
4.858446080564319 3.0
4.684219993526527 3.0
5.475979283585923 3.0
4.238371432611985 7.0
4.69716901416788 7.0
5.258462422489012 7.0
5.0972549210293465 7.0
5.246732761563141 7.0
4.52532292040429 3.0
3.070617312853828 3.0
2.335827592844115 3.0
3.976268351153896 3.0
2.615924176644531 3.0
6.379025187385354 6.0
5.291730793131169 6.0
6.396890080151848 6.0
5.9774983161931665 6.0
5.1906746093550735 6.0
4.986601988644463 4.0
4.869876867450916 4.0
2.996820341467479 4.0
3.6689078699588276 4.0
5.350071613426829 4.0
4.314696099754446 3.0
3.5226535073565146 3.0
4.905377769688801 3.0
3.176969351996184 3.0
3.0815034969064508 3.0
4.513457820616587 4.0
5.241461501998714 4.0
4.890646528501112 4.0
5.7009138532226 4.0
6.241834694781545 4.0
2.6287952337249156 4.0
4.243019251125304 4.0
5.161956069832107 4.0
4.572317536359132 4.0
5.671825052514014 4.0
5.074370777931948 5.0
4.809484968160556 5.0
6.139745032548557 5.0
3.7111757350608467 5.0
5.210519587963223 5.0
4.8509169517960435 5.0
4.692246203450708 5.0
4.311355676241417 5.0
5.353091242536067 5.0
4.203572541353829 5.0
5.79537314721584 5.0
5.23005725799965 5.0
4.256117447937633 5.0
4.338596140604382 5.0
4.878479791633865 5.0
4.715800800297291 4.0
2.809597537592367 4.0
2.7362794048168344 4.0
4.2121482683142 4.0
4.647313934677586 4.0
3.3504141849748152 0.0
2.3104987874081684 0.0
2.664001633170933 0.0
1.8565730850527613 0.0
2.463935169485996 0.0
4.558113381183169 1.0
1.5402537076705138 1.0
3.9058177384064527 1.0
4.534173621783842 1.0
1.216408621467776 1.0
3.143103332137906 6.0
5.023028226169883 6.0
5.0932893428476325 6.0
5.425920879591964 6.0
4.642222841038376 6.0
4.167716058215637 4.0
3.7732810230470406 4.0
3.2913385386930276 4.0
4.885805149288259 4.0
4.866608014649585 3.0
3.1486064404607044 3.0
4.271930232933811 3.0
3.3104468208577575 3.0
3.5758033866507097 3.0
5.072000637735038 5.0
3.9396623125166244 5.0
4.55444072226094 5.0
5.490114537678921 5.0
3.2005707789046443 5.0
5.220019615418334 4.0
4.508845632333801 4.0
5.36168335735408 4.0
5.503271333791909 4.0
4.881875818255406 4.0
5.546837397602267 5.0
4.262211927605566 5.0
5.034334428928456 5.0
5.642909039947649 5.0
5.783045250777932 5.0
4.7073383013718715 4.0
3.5159866496103467 4.0
3.843814110761279 4.0
5.696250379785121 4.0
4.644824489362223 4.0
3.4254553221663757 4.0
2.4364056884103733 4.0
3.8415896711455972 4.0
4.990308613311934 4.0
2.2042832752811554 4.0
4.8653670396620665 3.0
4.9714753780663585 3.0
5.644892707201426 3.0
4.00425095123097 3.0
4.80228888576603 3.0
4.893317277847989 4.0
4.729579537063469 4.0
4.669503550677956 4.0
5.124795936782504 4.0
4.762226372562425 4.0
2.185675326828294 0.0
3.216881700075577 0.0
1.6767656842686143 0.0
2.5904945170168645 0.0
3.266205725245315 0.0
0.3779704371632945 0.0
1.3698917277397493 0.0
1.094978130131272 0.0
0.8713785671965665 0.0
0.9070312590738159 0.0
2.48402033224452 0.0
1.858856596565768 0.0
2.4527851366113045 0.0
2.9598501365828542 0.0
0.3792032872917383 0.0
2.803635015271297 2.0
1.5092507629962704 2.0
2.3595626215182013 2.0
1.9576666174824053 2.0
1.4906423505129847 2.0
0.7124871794261703 1.0
1.0116179586963367 1.0
1.0108124472586817 1.0
0.9335148774442399 1.0
2.033189637371238 1.0
1.2668924355335272 0.0
1.2240691919314608 0.0
2.2827470172001734 0.0
1.464464107446975 0.0
2.2099038176526964 0.0
2.235970739817153 2.0
4.037586124836375 2.0
3.642640883353813 2.0
2.11553615867444 2.0
1.9986994501620308 2.0
4.829534804763894 5.0
1.9941518497264217 5.0
2.3997107718481687 5.0
4.3119305490030415 5.0
5.759708388712273 5.0
3.456243311352128 3.0
4.052790216849462 3.0
2.118990797943088 3.0
2.6707210487541713 3.0
2.8904664452717785 3.0
4.208938611236266 4.0
3.2391341619903318 4.0
4.001572475930564 4.0
3.430578955233764 4.0
3.420682333505358 4.0
3.474507712217929 4.0
2.8059040064636753 4.0
3.8980573749681713 4.0
4.908291135606492 4.0
4.800572125351892 4.0
1.5441359573837916 3.0
3.5200622389985794 3.0
3.7813986207819337 3.0
3.5969964601268027 3.0
3.3669729343311516 3.0
2.671845990615282 3.0
3.0212864936646735 3.0
4.157734508563238 3.0
3.279848503782817 3.0
2.3159692137034584 3.0
4.470414649695861 5.0
4.646881194767194 5.0
5.235281808003557 5.0
5.587197001998883 5.0
4.535233221060624 5.0
3.859165696932274 5.0
3.5373971975242005 5.0
3.9879991051583596 5.0
3.2469507548660292 5.0
5.0630383780500905 5.0
3.988267647299296 5.0
3.668936065218971 5.0
4.345120823038817 5.0
4.3022188445439085 5.0
4.279022116105562 5.0
3.4181837437439175 3.0
2.8346797223420266 3.0
3.431637730165454 3.0
4.266855728821618 3.0
2.717614443185471 3.0
4.5431798147795925 6.0
4.616528266311377 6.0
5.667374976332067 6.0
6.4597611341897885 6.0
4.655238329975945 6.0
3.2970778338472484 4.0
2.3395635811903186 4.0
3.8444577911761892 4.0
2.3596177349331913 4.0
3.376139439708601 4.0
2.4773920459703196 3.0
3.5835597145553866 3.0
2.772209731725105 3.0
3.062912586668498 3.0
2.6314538935373797 3.0
3.8251856370149557 3.0
3.7897426933997798 3.0
1.1960019366364811 3.0
5.644675566447849 3.0
5.211725503168714 3.0
2.8615365791233356 1.0
3.3005245023362066 1.0
2.9940662979090553 1.0
1.5537703000773655 1.0
1.5132654745529561 1.0
3.4105922643042517 3.0
1.937207723304923 3.0
3.5030751605211368 3.0
3.589436206668507 3.0
3.1048665726197346 3.0
1.6901289234616095 3.0
2.725598233102458 3.0
1.885854918210988 3.0
1.995886351327395 3.0
2.809386468118976 3.0
2.574712823630292 4.0
1.6155851640618824 4.0
3.226576678310128 4.0
4.11988930116762 4.0
1.8543499889660284 4.0
3.4988373397268697 5.0
2.0031963203851912 5.0
3.264757379661329 5.0
3.135850426988841 5.0
3.852923422284565 5.0
1.5097874300920737 1.0
1.1556941567583758 1.0
0.4733348868701231 1.0
0.5873621112038923 1.0
1.608870431745089 1.0
1.902839723065875 4.0
3.063089524899607 4.0
2.307466780464955 4.0
2.981529191748608 4.0
3.2697731253220037 4.0
0.9483307919765829 3.0
-0.04493613876026469 3.0
1.3283713406807307 3.0
1.755550734955876 3.0
1.4448794536980352 3.0
3.648331666874573 5.0
4.067080043010224 5.0
3.926178707947404 5.0
3.28906725363065 5.0
4.021381050664478 5.0
3.333140767331957 5.0
5.028230804850512 5.0
4.922422133348628 5.0
5.253303999258292 5.0
4.974733085765168 5.0
4.450056752356553 3.0
4.576368586506141 3.0
4.306703846235318 3.0
3.9015787236742625 3.0
4.367020303221762 4.0
3.682533616961717 4.0
4.368422498823978 4.0
3.998831591275017 4.0
3.1653303905136596 4.0
4.059178467791374 3.0
4.132366176440221 3.0
4.3062775504343005 3.0
6.0457698729213005 3.0
2.620996127976194 3.0
4.732747153843376 5.0
5.2771055697203995 5.0
4.023692513859471 5.0
4.356481872157751 5.0
6.405286987388385 5.0
4.338524766700966 5.0
4.4416174062898754 5.0
4.707816992488537 5.0
5.328705897520829 5.0
4.862225108742206 5.0
3.310800952474157 5.0
5.242957522066977 5.0
4.840860375760832 5.0
5.73409965557144 5.0
5.307653770242163 5.0
4.391816619554517 3.0
3.3530909221903533 3.0
4.555035612905025 3.0
4.639365924393169 3.0
3.8866968856373014 3.0
1.9574379257744292 4.0
3.4355534838261903 4.0
3.5903358432352825 4.0
3.0004960057305015 4.0
3.5871799434308413 4.0
3.2545997903421147 3.0
3.54129661165199 3.0
4.593694794081923 3.0
4.557899820052935 3.0
4.143192074091229 3.0
4.47008831522301 4.0
3.504099577350662 4.0
3.860380463052714 4.0
4.653649346701428 4.0
2.832280093728407 4.0
2.5597655491673703 5.0
4.929321477201751 5.0
5.834351646103604 5.0
4.2088913197751605 5.0
5.1182887119255955 5.0
6.050735971563828 7.0
6.0494880749565 7.0
6.899475441325632 7.0
6.369002737699163 7.0
5.983187642785945 7.0
4.92354626660073 5.0
5.208846375262343 5.0
4.854131074623795 5.0
5.743736767927734 5.0
5.991960074262737 5.0
3.2887268694717147 7.0
5.782983947041091 7.0
5.879714714347024 7.0
5.87660523151984 7.0
5.777502967090014 7.0
4.375037160500039 5.0
2.528999703774145 5.0
3.167207908429426 5.0
4.387604355094704 5.0
3.377318089318843 5.0
4.241744865621673 5.0
5.325396852064788 5.0
5.11707648751719 5.0
5.90483803615599 5.0
5.4812961137956115 5.0
3.980775224023803 5.0
4.452390834364783 5.0
3.3194337239584195 5.0
5.107840055994503 5.0
3.8914623666961994 5.0
3.339045693225563 5.0
3.670743322182884 5.0
4.089544000655659 5.0
3.9424573312183786 5.0
3.254448906538888 5.0
2.669069495856561 1.0
1.9277213021894946 1.0
2.1570772919893475 1.0
2.9007283682669494 1.0
3.6391333171322624 4.0
2.6238215953589887 4.0
4.234855984216736 4.0
2.2442138948350205 4.0
3.804721309071139 4.0
3.178433855991425 1.0
3.1865936559469703 1.0
2.454353845471072 1.0
4.281283384170086 1.0
2.584023418977923 1.0
4.060819306749135 3.0
3.9569400450131162 3.0
5.315403545667525 3.0
4.292731690596919 3.0
4.10219287067567 2.0
2.789346013753014 2.0
3.669500257004921 2.0
1.6076502552181273 2.0
3.417571852524284 2.0
4.29687550855192 4.0
3.6297410121202467 4.0
4.486186788061608 4.0
2.2673110693263694 4.0
5.094352198139782 4.0
3.6702317286060047 5.0
4.4053450721072664 5.0
5.999841507388872 5.0
2.7119024664830906 5.0
6.208309579685896 5.0
2.6496237071599364 4.0
3.672062774994518 4.0
2.494748011518246 4.0
4.707910806409046 4.0
3.0946248785807615 4.0
3.3599700665862158 5.0
3.4127647369421967 5.0
4.913282070262332 5.0
3.4648172934666013 5.0
3.3015238293120537 5.0
3.6330763053550954 5.0
3.7640666726428056 5.0
4.226521823975068 5.0
3.4224934157253437 5.0
5.530628165924577 5.0
3.41585051557922 3.0
3.79194707476021 3.0
3.5220184671535 3.0
4.055326883233393 3.0
3.9400343718820725 3.0
2.5089953667870777 3.0
3.5172116504323303 3.0
4.649464861443227 3.0
2.3369705663033065 3.0
2.853877533537152 3.0
5.762380997603231 6.0
5.050466722556339 6.0
5.108773605778257 6.0
5.014490755604512 6.0
4.7584819387775 6.0
3.3102808880327923 4.0
3.012639469735768 4.0
4.671187107377351 4.0
3.9477867398441293 4.0
2.919946850942963 4.0
4.957177866326424 6.0
5.305218988013692 6.0
5.623403472961082 6.0
5.859293904314707 6.0
5.802250790112952 6.0
6.190550998724447 4.0
4.613928191682849 4.0
4.840703733025867 4.0
4.668911631690631 4.0
5.092933369626052 4.0
2.6728162740074093 2.0
3.476342198632244 2.0
2.882192910240565 2.0
2.6493311049266492 2.0
3.0058625899422426 2.0
3.3058126690440313 4.0
2.5599839727771876 4.0
4.808694403661288 4.0
4.820978739300978 4.0
3.7229489707208647 4.0
4.500864704741145 4.0
4.355604637202499 4.0
4.103717135101645 4.0
3.7054991497564425 4.0
4.440724398418784 4.0
2.508949834426167 4.0
3.4201676283257236 4.0
3.997732173723755 4.0
2.1195240940084092 4.0
1.9506553674323082 4.0
2.492923824402635 4.0
3.294373182912714 4.0
2.47768174161514 4.0
3.7561015877640385 4.0
1.5348950333865976 4.0
1.4159890110377478 3.0
2.6834314702312474 3.0
3.914969600607444 3.0
3.239529725698639 3.0
3.7311501850830693 3.0
3.7089632240063115 4.0
3.686177915970738 4.0
3.210504989272394 4.0
3.144827772269152 4.0
3.1132939783542377 4.0
2.455381042204097 3.0
3.429975474103768 3.0
4.68075765176108 3.0
3.599877962326701 3.0
3.8914847008995967 3.0
4.902953759571949 5.0
5.142377601038848 5.0
3.9792394398416557 5.0
6.191574306190431 5.0
3.148429534532178 4.0
4.656928172633434 4.0
3.1369238932056906 4.0
5.8834832526110565 4.0
4.888146597717307 4.0
2.5500513066338586 3.0
3.536984529752648 3.0
3.5171503056672186 3.0
3.4593290569963373 3.0
3.1070282460917555 3.0
2.5957726875222202 4.0
3.078215589680254 4.0
4.714484780448595 4.0
4.150316701271431 4.0
3.1698587214672096 4.0
3.520484519889235 0.0
2.2313730888827186 0.0
2.4802216244664996 0.0
1.9968000682599647 0.0
2.4735377783115102 0.0
3.0732575100180406 5.0
3.541074688425266 5.0
2.7744578587109228 5.0
3.5109268023811313 5.0
3.7007911735965924 5.0
3.922517580117663 3.0
4.117282819506674 3.0
3.2461464666720365 3.0
3.067205497233415 3.0
4.260052618913182 3.0
3.865036972479557 5.0
2.91835136665029 5.0
5.3304750437350945 5.0
4.061572354954019 5.0
2.934807192452038 5.0
2.8773856653910492 3.0
2.6510139569561773 3.0
3.469489823595564 3.0
3.0378761076292533 3.0
2.9198893321781605 3.0
2.9414937345059866 1.0
0.9720375336343952 1.0
1.0055616022359626 1.0
2.8585032105995145 1.0
1.9526202036946443 1.0
2.701549832247231 4.0
3.060942889671278 4.0
4.5132158872517705 4.0
4.525370897079671 4.0
5.1697610755527235 4.0
2.919780919936287 4.0
2.7428574691537504 4.0
4.2722531104407135 4.0
4.313412981612544 4.0
4.999422179091581 4.0
3.5383075578406347 3.0
3.345045987233361 3.0
2.501717129851364 3.0
4.632737131967776 3.0
3.5549120788906956 3.0
3.960635671701036 5.0
1.887117771229869 5.0
1.4461431279256112 5.0
3.869305187963016 5.0
3.6210594540220544 5.0
2.7069098518508072 1.0
3.9158627710615286 1.0
4.5389168197547285 1.0
2.6259695348626066 1.0
3.6395930667499075 1.0
4.351081432145273 4.0
2.43192674622746 4.0
3.255174006085461 4.0
3.7971325623211207 4.0
2.9931713109471785 4.0
2.4143704395463645 0.0
2.8970058226703075 0.0
2.9150676130085773 0.0
2.4407693844123286 0.0
3.4250171914378242 5.0
2.6673843172120395 5.0
3.4081710962239886 5.0
5.1183798508254315 5.0
2.7201940962285063 5.0
3.8236777468847527 3.0
3.8300236470290785 3.0
2.4926110263490875 3.0
4.382433661665033 3.0
3.8645870107741525 3.0
3.3719661282452624 4.0
2.321067801091889 4.0
3.64194050071135 4.0
3.3670684685471657 4.0
2.8665352953578895 4.0
3.85603423344796 3.0
3.5671640448369732 3.0
2.010675449536788 3.0
3.7592361165728394 3.0
3.7009869089509424 3.0
3.317851023531383 6.0
3.784033697096807 6.0
3.3642955548182596 6.0
4.840470422780563 6.0
4.988108954983014 6.0
3.593946047452524 3.0
1.9602950854956545 3.0
2.162238460050667 3.0
3.1569887626320217 3.0
3.377238519694763 3.0
3.3529767615396318 3.0
2.5113091805363927 3.0
2.658431936642877 3.0
2.3494656875936544 3.0
2.5471360486789476 3.0
3.006455419839909 3.0
2.796873757565369 3.0
1.957131621509228 3.0
3.073305851850848 3.0
2.5204175202432317 3.0
3.774971287685057 2.0
2.8785624189201946 2.0
3.5328855570562987 2.0
2.288921726289216 2.0
1.7762937756752408 2.0
3.8059662572886284 3.0
3.4991534505423956 3.0
2.972903869407021 3.0
1.7318606167936756 3.0
2.566614422879133 3.0
2.66475498572295 5.0
3.2280745628849252 5.0
5.06651788514845 5.0
4.29527557192551 5.0
2.6065581849843014 5.0
4.4111951170775106 1.0
0.8306043438191545 1.0
1.0521546380522784 1.0
2.7684030144795506 1.0
2.1312413910430412 1.0
3.8578182018337905 4.0
4.260655980762608 4.0
4.118590291686258 4.0
5.430674363157742 4.0
5.328816649763006 4.0
3.1432034995341507 1.0
2.880045659633239 1.0
3.4774757586500153 1.0
3.1431628223223282 1.0
3.7740471218521408 1.0
2.3654144542275892 3.0
2.6524733591111356 3.0
2.0642739647704573 3.0
2.563133310587939 3.0
2.78679953637106 3.0
2.3046002191913684 3.0
2.5329723214205786 3.0
3.058642958361099 3.0
2.1568776179692466 3.0
2.268636925118782 3.0
3.53440199585214 3.0
3.1852887100835368 3.0
1.6739155396269745 3.0
1.7476800927144862 3.0
2.190629113930151 3.0
4.2598020208734075 3.0
4.298593842747907 3.0
4.187881681772727 3.0
5.371154929579409 3.0
1.9703491459145093 3.0
2.402248831596203 3.0
2.0047763832476027 3.0
1.713028068691223 3.0
2.1834796476112057 3.0
2.8796356858322776 3.0
1.8879611833265024 1.0
0.6704119869666062 1.0
0.8670384657635123 1.0
1.5763561182196932 1.0
2.4073818587553455 1.0
4.109481744346999 1.0
2.269558460287146 1.0
1.439248627358482 1.0
2.029287822138141 1.0
3.456679915434196 1.0
2.320304188053496 3.0
2.3724980694074236 3.0
1.3955621701585255 3.0
2.240320560331967 3.0
0.45312578805727355 3.0
3.2677002153147914 5.0
3.812164357137319 5.0
4.567260941004388 5.0
2.978960912177951 5.0
4.180374396713328 5.0
4.0471850519830666 4.0
3.65036110744372 4.0
4.844492774205036 4.0
3.9445352253996044 4.0
3.5601121065291275 4.0
2.6144775433573715 1.0
1.7214934412357008 1.0
2.921844814530108 1.0
2.0160018387588257 1.0
2.7385326943290504 1.0
3.2036259502052227 3.0
3.0646760442157324 3.0
3.40655317420985 3.0
3.257096547072209 3.0
1.9391186299501348 3.0
2.1491548028952328 3.0
3.4039884140042775 3.0
3.283835596206231 3.0
3.1117021037673336 3.0
4.613962181823451 3.0
3.0975938932516702 3.0
3.152081054814857 3.0
4.9156107976711 3.0
3.6194922404271064 3.0
4.087848985264323 3.0
1.3954484538704903 3.0
2.7103621207502697 3.0
4.49327913200802 3.0
4.106382013831343 3.0
2.661676065165748 3.0
3.3719111338674796 3.0
2.531558463964225 3.0
2.9340429763631137 3.0
2.509123431298559 3.0
2.388349200134342 3.0
3.1429130047256204 3.0
1.750110694893895 3.0
3.0653117423228142 3.0
2.6902572044975352 3.0
3.324980292599211 3.0
2.861525956221159 0.0
2.1439359385020684 0.0
1.6549656994109931 0.0
2.2085162398871994 0.0
0.616681100389597 0.0
4.275685035682943 1.0
1.9182760414391862 1.0
2.064792694691501 1.0
1.8698621230473988 1.0
2.724263027118864 1.0
0.6573077331549554 1.0
2.1240336622832494 1.0
2.14337896975196 1.0
2.906408046500993 1.0
1.9122848763360165 1.0
3.9499690568679533 3.0
0.7264081016516097 3.0
1.3747854063573663 3.0
2.537254734371092 3.0
1.3121467803710731 3.0
2.724255090098254 1.0
0.8647081172438236 1.0
2.3668759369588224 1.0
2.556511674378244 1.0
2.1565575083862356 1.0
2.536532094407403 2.0
1.9054051028779198 2.0
3.49554673664332 2.0
0.9814549417439932 2.0
1.3000280425578041 2.0
1.6072284847182414 1.0
2.0412733511313297 1.0
0.9682602256530445 1.0
1.6674528534256823 1.0
2.1899778061252135 1.0
3.7605449536930005 3.0
3.478130100387058 3.0
4.078873489281103 3.0
2.916427687020456 3.0
4.404177520044408 3.0
1.6452220612314463 1.0
2.051440461248445 1.0
0.8942897961385893 1.0
1.7319108191811186 1.0
2.527385630690393 1.0
3.0559877769180184 3.0
2.31830950613045 3.0
1.8781482227438815 3.0
2.7061457327255756 3.0
2.629220619543407 3.0