3.8906859753783705 4.0
4.705905289386404 4.0
4.377783611223562 4.0
4.152566325105674 4.0
3.2338224545142062 4.0
5.163451509689645 5.0
3.9180731352744687 5.0
5.4897192857565305 5.0
5.1678100479485405 5.0
5.4979564133276 5.0
2.962294047543194 2.0
3.2336301804431655 2.0
4.255669903670703 2.0
5.525618217037601 2.0
2.7905853895831854 2.0
3.603724902666686 5.0
3.0793788892742495 5.0
5.087615021772411 5.0
5.272908543561807 5.0
5.9193533076376195 5.0
2.7098802580106183 4.0
3.833861693089914 4.0
3.3601426578682925 4.0
4.463533435788461 4.0
3.4363442586563444 4.0
2.895466835156496 3.0
2.305830578559193 3.0
3.3332528737291907 3.0
2.919052906131418 3.0
3.243218151007661 3.0
4.362507482760611 5.0
6.2572267128069745 5.0
4.687462862700161 5.0
5.943767152486494 5.0
4.8537805577698725 5.0
4.209280747153846 4.0
4.59430189221008 4.0
5.014275623722005 4.0
3.234845148580613 4.0
5.428255638911975 4.0
2.881092529261796 2.0
2.308778239981156 2.0
2.374159619145857 2.0
3.6546241376522586 2.0
3.111314411934962 2.0
2.7556772514923913 6.0
6.327788754903085 6.0
3.7060861549064734 6.0
5.589890193935402 6.0
5.505412008123522 6.0
3.377324438617689 4.0
3.9198408702221172 4.0
3.342641862244754 4.0
3.5267030369016004 4.0
2.5254508673377343 4.0
4.6771345216539615 2.0
3.3624746690844702 2.0
4.782404777154653 2.0
5.514177531475186 2.0
5.453184219642539 2.0
3.463892839425044 5.0
4.1678773680129355 5.0
5.404309639473891 5.0
6.150955682446081 5.0
4.846190116290517 5.0
4.190730087797446 4.0
3.061698223311879 4.0
3.0169611914281353 4.0
3.8901840491642035 4.0
3.059643419307675 4.0
2.8760200542989787 3.0
3.2645146848011906 3.0
3.6805725301185035 3.0
2.5010397574288703 3.0
2.5364314433047923 3.0
5.300752305223887 4.0
4.113903522421105 4.0
5.437685730929556 4.0
3.1254796283478194 4.0
5.167244854123509 4.0
4.061100633246745 3.0
3.5590430176985257 3.0
3.5124256559135416 3.0
3.045078082480551 3.0
4.974989101833458 3.0
5.1446205479804625 5.0
4.540720871203628 5.0
4.206411318901519 5.0
4.950421173607229 5.0
4.48868769930165 5.0
2.9557610223893396 3.0
3.9056724987982894 3.0
1.9772509626045043 3.0
2.081812353084542 3.0
2.3995482388771014 3.0
3.8455272585571803 3.0
4.100155793822137 3.0
4.4579710782205035 3.0
3.802284450810872 3.0
3.422346314773345 3.0
5.583213806012463 6.0
5.940298377825345 6.0
6.0967773336680775 6.0
5.618811069409774 6.0
4.472132898296424 6.0
2.6654013866193518 1.0
1.9962088184869742 1.0
6.208079302336298 1.0
5.0295791955507045 1.0
5.54152227895084 1.0
4.54549053879909 6.0
3.1084349515831273 6.0
5.808892469907222 6.0
2.9714278848759945 6.0
5.694387493643226 6.0
3.4580758951235566 6.0
4.947910795394878 6.0
4.922747062826221 6.0
5.993727568219049 6.0
4.580378106103686 6.0
3.415570769256302 5.0
6.015223588292298 5.0
5.734189371216276 5.0
5.419567610737559 5.0
6.155711107373851 5.0
4.407210114515114 5.0
5.6263317686057555 5.0
4.600885064304832 5.0
4.8610783785152165 5.0
3.5872242750454224 5.0
4.61292172376411 5.0
5.75528634158869 5.0
5.270537421174567 5.0
4.008648435707428 5.0
3.934746335830174 5.0
4.011748919938775 3.0
3.4919621485997494 3.0
5.159195298443498 3.0
5.467223549950838 3.0
5.641900363119986 3.0
3.9198507019876714 7.0
4.438965178793558 7.0
5.534999931752978 7.0
6.187917073264519 7.0
4.965039552617981 7.0
3.9427009066525316 5.0
6.06405016132828 5.0
5.794302564198071 5.0
4.06047202088355 5.0
5.228357262966817 5.0
3.213092589066412 3.0
5.017606154796226 3.0
3.2383972386596604 3.0
4.180917457268088 3.0
5.358069443972167 3.0
4.456441903010947 5.0
5.572337555713797 5.0
6.361158673465373 5.0
6.149715815025462 5.0
5.025006241514114 5.0
3.7165064808650095 4.0
4.30375494109572 4.0
5.164037796151806 4.0
5.166348698763481 4.0
4.153257302138088 4.0
5.264037799155098 5.0
4.904026417178739 5.0
5.677539196885051 5.0
4.9040784243331 5.0
5.42708351681923 5.0
4.056146471601861 4.0
4.428416190923641 4.0
4.086621938482154 4.0
5.673396523698996 4.0
4.179576151112813 4.0
4.963714260959205 4.0
4.1434174889046655 4.0
5.546908941300332 4.0
3.5615800103532242 4.0
5.654357685993006 4.0
4.278052135840071 6.0
5.726485321103086 6.0
6.132197037021264 6.0
5.562412268924744 6.0
5.856078014155827 6.0
4.979251685732435 5.0
5.97296565473125 5.0
5.472397487802146 5.0
6.039744031164208 5.0
4.8996739520597785 5.0
4.36249284672089 4.0
4.643563478092518 4.0
4.726120393822275 4.0
5.092905640562206 4.0
4.818715830879081 4.0
5.599842133217792 5.0
4.430004614569987 5.0
4.850402698532953 5.0
5.231556842036871 5.0
5.154765211181418 5.0
4.421208281558423 6.0
6.689809492085565 6.0
5.718106184342103 6.0
6.262513339028219 6.0
4.859319458230125 6.0
4.2870053581667 3.0
2.1380351632463284 3.0
3.6374007524628325 3.0
3.486116171487557 3.0
3.3774221107837303 3.0
3.581583812836809 3.0
3.4102412631891506 3.0
3.5936529425525214 3.0
3.076217397969908 3.0
1.4682818416926506 3.0
4.764631377425 5.0
4.633595888138176 5.0
5.665655539805805 5.0
4.168097135152535 5.0
5.520301703242628 5.0
4.297822287985561 5.0
3.1188601248671444 5.0
5.613615361543236 5.0
5.988660103493017 5.0
5.825755996713855 5.0
4.589797365461224 5.0
3.9654352295448603 5.0
5.865416213299348 5.0
4.04339269637969 5.0
2.6200149004715088 7.0
4.08454404654291 7.0
4.001503402848707 7.0
6.3952492217485215 7.0
5.734706541168633 7.0
2.4403772947033997 1.0
3.2228134701067215 1.0
4.298505448863471 1.0
5.399652317589582 5.0
3.951821102781167 5.0
3.7186404730258364 5.0
4.964629179782129 5.0
3.400296409966856 5.0
5.7728462619969685 6.0
5.132396513004367 6.0
6.245571910744849 6.0
5.247440374426308 6.0
6.035230756571675 6.0
3.841387611038687 5.0
4.384304146180598 5.0
5.0351661887241175 5.0
3.7568619408905417 5.0
4.871925289469108 5.0
5.230641897335142 4.0
5.774973327768329 4.0
5.446689115530149 4.0
4.943717285603039 4.0
4.885524088610617 4.0
2.1582345549289634 4.0
4.382546991035677 4.0
4.332765677419711 4.0
3.47960943476183 4.0
4.6399357284556 4.0
2.774685078537659 3.0
5.0880557922499925 3.0
4.421045956972233 3.0
5.445288502221419 3.0
5.185434323681351 6.0
6.434523069043382 6.0
6.252342903091741 6.0
5.623424242235131 6.0
6.467708943499478 6.0
4.440392419465946 4.0
4.274122373132943 4.0
4.5379457411643624 4.0
4.181120112086692 4.0
4.726025753598375 4.0
2.1592560490376953 5.0
4.5477524547989985 5.0
3.997681183702249 5.0
4.934069967897957 5.0
3.50749480358176 5.0
6.000604237615711 5.0
5.18928243214159 5.0
6.036931951412701 5.0
4.986437419651969 5.0
5.690253043338977 5.0
1.8307014757733735 3.0
3.9529518623896505 3.0
4.580108910445836 3.0
2.3434295118584556 3.0
5.155043079828608 3.0
3.8775412464894203 3.0
3.8351827134979097 3.0
2.4749584978565986 3.0
3.658454866859783 3.0
4.816506030310038 3.0
3.9203084274697853 5.0
3.5986030772346953 5.0
4.352930532182116 5.0
3.2893712272621123 5.0
3.5811951417118184 5.0
3.5712722380997106 4.0
2.0211253158188005 4.0
3.164207078595499 4.0
4.289927656379966 4.0
4.676139957910424 4.0
2.393204278913931 6.0
4.778010147021579 6.0
4.62049565188986 6.0
5.563535903781519 6.0
4.06282435462456 6.0
4.37396019466697 1.0
3.288265032854423 1.0
4.049285222001572 1.0
2.6094868139909266 1.0
4.290688021874803 1.0
2.2123715778019197 0.0
2.596675978768878 0.0
3.7131292151973425 0.0
1.7980084028850503 0.0
2.8351057586667476 0.0
5.82826820559573 5.0
5.229046657811834 5.0
6.268230212151782 5.0
5.481240578647237 5.0
4.143484575511659 5.0
3.188993718044118 1.0
1.4435914242866437 1.0
2.9196399822816335 1.0
0.6998614078218105 1.0
1.5697425129569293 1.0
3.665279261482164 2.0
0.41328725035298264 2.0
2.3129046685742756 2.0
0.5424792395256074 2.0
1.6948264122441987 2.0
4.888684557276802 5.0
2.2764275628253867 5.0
4.801966061565696 5.0
3.348903685682579 5.0
3.024058705723564 5.0
4.59388657106605 5.0
4.255378112317293 5.0
4.180947195039016 5.0
5.907458907683278 5.0
4.175914612056871 5.0
4.645084465423167 3.0
2.9810104955007093 3.0
5.362952403260958 3.0
2.733894094612854 3.0
3.884425582743013 3.0
0.48338444566612304 0.0
1.2776396657987255 0.0
0.4640782084769124 0.0
0.6415642784305184 0.0
1.053097588685988 0.0
2.0914121432253103 0.0
1.944303224286054 0.0
0.9330766262360841 0.0
1.8607248061532526 0.0
1.9720334323610709 0.0
1.560928956254256 2.0
2.2686718384711044 2.0
2.397231537770225 2.0
1.3430001361081727 2.0
2.605726845985549 2.0
2.5456631599245014 3.0
2.4924751384720656 3.0
1.3607310332625484 3.0
2.1554976462458626 3.0
2.7064675579246837 3.0
2.2847780314988513 1.0
3.3275269205944573 1.0
2.419239318549648 1.0
3.397923740470827 1.0
3.346398497864053 1.0
3.33309030237415 3.0
3.0069848714432696 3.0
2.999639023393038 3.0
2.4743130445924484 3.0
2.8292335618666558 3.0
4.373282064416945 4.0
4.853978569970596 4.0
5.4936688064062595 4.0
4.078864295761862 4.0
5.766840549370451 4.0
3.967606606279124 4.0
4.061787707141031 4.0
5.236589956375999 4.0
3.7343226209971507 4.0
3.4140476695122413 4.0
1.9348610720874202 5.0
2.1982254522403264 5.0
5.021098868413816 5.0
6.556244385809525 5.0
5.204414025958529 5.0
3.1199372174142725 3.0
3.7216105643819968 3.0
3.566307868955683 3.0
3.354151732562716 3.0
3.413197996742829 3.0
2.5997150214087443 3.0
3.142475057830301 3.0
4.199405110208738 3.0
2.525648550945049 3.0
3.150926437479466 3.0
4.636391999338722 5.0
4.052052913980179 5.0
3.813260266782693 5.0
5.605108377200142 5.0
5.181226949611178 5.0
2.9008059359007405 3.0
4.182816837869161 3.0
2.7765856302565672 3.0
2.386782122412097 3.0
2.6152796131042817 3.0
3.522508240166257 3.0
2.9429124730394856 3.0
3.0601342072341344 3.0
1.9947287851210207 3.0
4.035478617562543 3.0
2.990898562970654 2.0
4.0002304113345675 2.0
2.6176967541137306 2.0
3.5305687872751683 2.0
5.5094794062806285 2.0
3.7109917093423075 7.0
3.4369359876135026 7.0
5.0173463199597155 7.0
5.930941899484914 7.0
3.9264724187873905 7.0
2.846109483763838 5.0
4.057850277500659 5.0
4.136986645302399 5.0
4.914146463041061 5.0
3.518150134150145 5.0
4.562960835104028 1.0
4.373294520644088 1.0
2.948565677268087 1.0
5.110875614031598 1.0
3.709280836138916 1.0
2.300689821909876 3.0
3.5804663241341994 3.0
2.8484851701789484 3.0
3.975623953827463 3.0
2.485728291871412 3.0
3.349567664156859 5.0
5.324030985146578 5.0
3.558933654596319 5.0
4.621294263330887 5.0
4.995998306330753 5.0
3.4220408346195335 4.0
4.62853995950244 4.0
5.130120450336248 4.0
5.805440651065093 4.0
3.4100507035312093 4.0
3.3491459051881436 4.0
2.8583372726589564 4.0
4.16551117389283 4.0
4.671627184231589 4.0
5.720596741007898 4.0
4.397409075580266 2.0
3.924462694441861 2.0
3.8332503422760675 2.0
3.765700961926793 2.0
1.7484349979516591 2.0
3.4710189859939082 2.0
1.7967554480697754 2.0
4.9649136317057785 2.0
3.5284416163732457 2.0
1.8103169206873035 2.0
1.6892691917156195 0.0
2.669942900608817 0.0
1.3157823162714284 0.0
2.030629051514274 0.0
3.489839941031896 0.0
1.6211802107379902 3.0
3.471765098167229 3.0
1.9567338522686244 3.0
2.1108555506878797 3.0
1.888955200222859 3.0
1.3017512907066842 1.0
1.4814842197663127 1.0
0.5860470531049768 1.0
1.9594271462852588 1.0
0.8581420067130495 1.0
1.010358988196945 0.0
1.9668546553361785 0.0
1.370857821357123 0.0
1.2694794263598854 0.0
2.932121184691282 0.0
1.3338235014590585 0.0
0.653589627858085 0.0
2.2586170262410827 0.0
3.4502988544327255 0.0
0.8918848407476375 0.0
1.6205586753356522 4.0
3.7556543273721243 4.0
4.31295115765721 4.0
4.3979106775824395 4.0
4.979698840796103 4.0
2.3970330107554862 5.0
4.4436880900397835 5.0
4.371155638308169 5.0
4.659355908094076 5.0
3.1162148798933216 5.0
4.362646036312952 4.0
1.8803348077695594 4.0
3.6266646776562332 4.0
3.289866074238387 4.0
2.6422619505680265 4.0
2.959957792248202 5.0
4.641924869334633 5.0
3.927917535705542 5.0
4.845300774659604 5.0
4.14604620108956 5.0
3.933280735400388 3.0
4.110209792029991 3.0
4.826146981498005 3.0
4.573990859782862 3.0
3.375330437619605 3.0
3.415365667912429 5.0
4.009534269241109 5.0
5.677271959932833 5.0
4.473439849320196 5.0
4.7429433194087345 5.0
2.9598155997685596 1.0
2.302394650550186 1.0
2.72689064345329 1.0
0.81821607283355 1.0
1.8980456770209138 1.0
3.8738495384797718 3.0
3.8461397090780327 3.0
2.3792738257143493 3.0
4.40731446857785 3.0
4.078661912084021 3.0
3.98858684602826 2.0
2.9018438205664028 2.0
4.602118222683318 2.0
1.9469915376609979 2.0
3.5470589791555134 2.0
4.613758678817957 3.0
3.3230133077430697 3.0
2.580532345454992 3.0
3.1062916269823564 3.0
3.5408038575417935 3.0
3.6636489899621587 5.0
4.3265180758501565 5.0
4.08043461662953 5.0
3.411554708151202 5.0
2.4191884967735184 5.0
3.9324336381119216 3.0
3.784263889314899 3.0
3.8094539585958413 3.0
4.2617417055924 3.0
4.019899897217423 3.0
3.523645511794866 3.0
3.6483079471894704 3.0
4.166883121583538 3.0
4.462547390316294 3.0
4.046418706532824 3.0
2.8357118691623318 2.0
3.7336134185110517 2.0
2.1018036974047902 2.0
3.1745051011888963 2.0
3.356327183510839 4.0
2.1763809555616995 4.0
3.615672070166781 4.0
3.801525276269664 4.0
4.233737572384247 4.0
3.6176862759740804 7.0
5.457286182431456 7.0
6.209281742433202 7.0
5.8913939764452685 7.0
5.440841700215521 7.0
2.265907996506264 6.0
5.247521886481616 6.0
5.293821694974154 6.0
5.740825328903857 6.0
4.778160405285709 6.0
5.567827454700669 5.0
4.379702076941993 5.0
4.908562120848171 5.0
4.34138010764043 5.0
4.552308478047542 5.0
4.089114955864512 4.0
3.884323232725576 4.0
5.961259384258392 4.0
4.132767862828449 4.0
2.3659183512902326 4.0
4.184903596428312 6.0
4.740298792532589 6.0
6.255413259193207 6.0
5.21528105808907 6.0
5.022521539076984 6.0
1.2295168397492993 3.0
2.7442107150526662 3.0
2.2627707609298233 3.0
3.7109200369145277 3.0
1.672116169899508 3.0
3.0583199525799167 3.0
2.8601280473194737 3.0
3.2683290918946746 3.0
2.61636329991188 3.0
4.600110320794297 3.0
3.864424808964463 5.0
3.2375698320410864 5.0
3.6465211726261026 5.0
4.989529074312798 5.0
2.809765691117084 5.0
3.4437587631037534 2.0
1.8987065595060586 2.0
2.0046239143351756 2.0
2.758163018499693 2.0
3.6836912232669485 2.0
2.747628150365247 2.0
2.6266440480565554 2.0
1.8129606481598983 2.0
2.4132015611414226 2.0
1.506033750870365 2.0
4.466472872373846 4.0
3.7740916859628566 4.0
2.92288333745659 4.0
2.7936736641057953 4.0
3.0637063272238305 4.0
3.652648639698867 4.0
3.228086039328655 4.0
3.0099341299829483 4.0
2.149016603540053 4.0
3.6458470375976155 4.0
4.2991760746146825 4.0
2.530494602437572 4.0
3.7823872190133883 4.0
3.8900128284037985 4.0
3.1482133739697398 4.0
2.14179747645864 5.0
3.363560354135083 5.0
3.8508729027305875 5.0
4.64641940930268 5.0
3.4063891088319576 5.0
4.289795734911613 5.0
3.3903459391627178 5.0
3.717665658976339 5.0
3.3660980993159275 5.0
4.178415767283928 5.0
3.375314978261055 4.0
1.3895893136715478 4.0
1.4273619274687517 4.0
2.6490335604272532 4.0
1.5215001608303735 4.0
3.6520042376437867 4.0
4.237707799278767 4.0
4.874265730226142 4.0
4.9362951521383875 4.0
3.8924173549371552 4.0
2.336820572838364 4.0
2.7921820603969683 4.0
3.3881860078671338 4.0
3.5689078113375454 4.0
3.7278994944730264 3.0
4.621841162793119 3.0
0.8363044283059574 3.0
2.0233391164143426 3.0
2.861561353247839 3.0
2.847033776945029 4.0
2.427998323851896 4.0
2.7276446884957917 4.0
3.891145858283194 4.0
2.2227049064331976 4.0
2.6686499194821933 1.0
3.265284956878605 1.0
3.551725098489709 1.0
2.382326655997442 1.0
2.773404447359511 1.0
3.3374644422842445 0.0
2.4749415635917433 0.0
2.400231607463876 0.0
3.6838061263292214 0.0
3.338362941113838 0.0
3.5009298164081097 5.0
4.548138867761453 5.0
4.02508583214038 5.0
4.974885021083991 5.0
2.9785258400326304 5.0
3.154542624831323 3.0
1.917035300464404 3.0
4.204845135408557 3.0
3.48632979381573 3.0
3.5840817040839412 3.0
4.1416681394760815 4.0
4.667664244103714 4.0
5.047729853728557 4.0
4.821996741236087 4.0
5.111691395536181 4.0
3.6182720261635977 2.0
3.145798164088435 2.0
4.526760219370428 2.0
1.910006311192089 2.0
4.090810459524624 2.0
3.477460464375979 3.0
2.722045219006358 3.0
3.7296055131010077 3.0
2.1106795439417967 3.0
2.1685353217268526 3.0
2.9112087476113686 5.0
3.7180696825440003 5.0
2.103101755743883 5.0
4.558444274595438 5.0
4.251715760779225 5.0
4.48914486729613 3.0
3.3855999378933923 3.0
3.7139938702521254 3.0
3.5717390953357993 3.0
3.001633479456366 3.0
3.454093964470681 3.0
3.1886351567459568 3.0
2.2154051023541927 3.0
4.58118467708018 3.0
5.045835564133847 3.0
2.962610622688377 5.0
2.8125406421034387 5.0
3.4596675630015823 5.0
4.78015438528615 5.0
3.4249307830227593 5.0
3.5600245761397087 3.0
4.031529402064967 3.0
4.12712436672743 3.0
3.7557704743422207 3.0
2.415021647258483 3.0
2.6828705620394704 3.0
2.2045569605933975 3.0
2.294327223944826 3.0
2.5952548072028794 3.0
2.511465910160722 3.0
2.7158746795216833 3.0
3.8320892490822516 3.0
4.185110349932093 3.0
3.3538839137723797 3.0
2.0939109981159127 3.0
3.173949340382521 5.0
4.294315253537271 5.0
5.629400947719211 5.0
4.629331233462836 5.0
3.319300343088136 5.0
4.441605238343876 4.0
4.333853590517956 4.0
5.718827695526774 4.0
3.2484362826204802 4.0
5.335567504523848 4.0
3.3714344840799235 3.0
2.307251521315794 3.0
2.5497658332364335 3.0
3.3752069104451214 3.0
1.5202214989283882 3.0
3.8062831221158753 4.0
3.668869977914555 4.0
3.7217179051768463 4.0
4.171564197619331 4.0
3.848617779765504 4.0
4.077357120206229 6.0
3.091987330048382 6.0
2.2028968345375093 6.0
3.1819094991848136 6.0
2.1848138125171985 6.0
3.7968029641894123 2.0
1.8906258411772743 2.0
2.3858574651724385 2.0
2.553441347118261 2.0
1.7369500075757847 2.0
2.595188087767892 4.0
2.504898336365242 4.0
3.581169263547186 4.0
3.195366222346084 4.0
3.277182825507985 4.0
2.2170390831041766 3.0
2.4292208046370383 3.0
2.2971558223263973 3.0
3.433523733057994 3.0
4.019076873316699 3.0
2.9574731741988054 4.0
2.237679458853504 4.0
3.0658802128074814 4.0
2.9191821315474766 4.0
4.530381015691378 4.0
3.4295937253463444 5.0
2.8886571122484237 5.0
2.036572675490235 5.0
2.0770605975902914 5.0
4.553970309786082 5.0
3.8653152301499616 2.0
4.336370621762026 2.0
1.8301727750028458 2.0
1.0821733766634896 2.0
3.006590327555543 2.0
3.7246435026572025 4.0
3.318855525966708 4.0
5.02036213306523 4.0
5.222955168737561 4.0
3.978710253777455 4.0
2.950880347114451 3.0
2.0996116407522964 3.0
3.693985747338852 3.0
1.9613833706312571 3.0
2.070157124712261 3.0
2.7151321122695014 2.0
2.3608740288343375 2.0
4.87792493896097 2.0
2.6756354441730044 2.0
1.9367707819829025 2.0
2.2077676837766225 3.0
2.5023741165122413 3.0
2.3605730200141264 3.0
3.6804132327352006 3.0
3.311636315575438 3.0
3.3053279737621852 1.0
0.8968798989619303 1.0
1.2297401161823753 1.0
2.4236319112279854 1.0
1.020834580201156 1.0
2.6446549340961205 2.0
2.501924291352387 2.0
1.5137750035138395 2.0
2.0229252522023145 2.0
2.8646742249014845 2.0
2.252496578511315 4.0
3.2585956202638475 4.0
2.794887119987944 4.0
3.2236155164371496 4.0
3.07721099415313 4.0
3.0283736813013458 5.0
2.512603042268284 5.0
3.1416700261830885 5.0
3.4684231075341856 5.0
3.904611741355447 5.0
3.4598014110081916 4.0
3.9231071341948507 4.0
3.8985756088943777 4.0
4.484936136638393 4.0
2.2611135454352875 4.0
3.529236027370845 5.0
3.489210023251799 5.0
3.3018417423934863 5.0
4.897985680917515 5.0
4.484217208088473 5.0
2.996351420671283 4.0
2.818811115078015 4.0
2.3974419529229856 4.0
1.6354330817637914 4.0
2.2004493431776226 4.0
3.211744690985921 4.0
2.021201341961318 4.0
2.7185386643448712 4.0
2.9334105400587873 4.0
2.5158558518840115 4.0
1.9843644411143981 2.0
1.3805214940789208 2.0
1.4720005824490525 2.0
3.6919564869753017 2.0
2.611202040216756 2.0
1.8914938812607485 3.0
1.7530974249673545 3.0
1.9310000160639273 3.0
1.9368233046820984 3.0
2.0509533518186163 3.0
1.5150230772297681 1.0
1.9928298000438616 1.0
2.0775863094615796 1.0
1.8931673864713665 1.0
3.4152217214648597 1.0
2.897715882046424 3.0
2.989266550400383 3.0
3.61775944928571 3.0
2.2916515981836065 3.0
3.1395487431056748 3.0
2.674055119478095 5.0
3.116188369523661 5.0
5.511064430867006 5.0
5.803029461172764 5.0
4.953144948251634 5.0
2.4091727539485346 3.0
2.1862471674258024 3.0
1.7260284325803672 3.0
1.0216662142453514 3.0
1.3859340110963931 3.0
2.515105715931617 1.0
2.152918768171716 1.0
2.2866197983611816 1.0
1.9963161670748437 1.0
1.9910080192949036 1.0
1.2239840202850456 3.0
2.025813140573489 3.0
1.0808045313789414 3.0
2.483850071000114 3.0
3.984840002614382 3.0
2.637612383921179 3.0
1.886499738921971 3.0
1.4912391948434087 3.0
1.8960435871807588 3.0
2.695639865713974 3.0
2.064048190184707 3.0
3.2576182622998915 3.0
3.2195301527080966 3.0
3.203373713219606 3.0
2.5732078484078196 3.0
1.7479568860025827 1.0
2.4975350259293725 1.0
1.699376310445533 1.0
3.222282424320546 1.0
1.4160694244652632 1.0
1.592413228621742 0.0
2.0183707534402044 0.0
1.4508501429585823 0.0
1.9419369262342674 0.0
1.955461917133726 0.0
1.1382358883044583 1.0
0.5856534295965876 1.0
2.5996938787319874 1.0
1.1735963398137044 1.0
2.018569953123384 1.0
3.571700274056881 1.0
1.3720934738391102 1.0
3.0602595221415694 1.0
2.417900765844109 1.0
2.4309041120752264 1.0
2.5024753937566073 2.0
1.674866151441247 2.0
2.5131801934845006 2.0
1.9791459445065147 2.0
2.4824987051824148 2.0
0.919410853615555 1.0
0.9671935380764047 1.0
0.7333201724424945 1.0
0.8251688479023976 1.0
1.7184836126749115 1.0
4.134393175659631 3.0
2.7179480664971734 3.0
2.0544339973186028 3.0
4.300232421452735 3.0
2.536332753689557 3.0