4.488372783342352 5.0
5.267260709394639 5.0
3.2444710766614038 5.0
4.631479694681009 4.0
3.8803593555007723 4.0
5.111918827834789 4.0
3.26140337229154 5.0
4.726653848122161 5.0
5.026012891884054 5.0
5.3601368815935215 6.0
6.161178550602322 6.0
3.5875903007871095 6.0
5.361271266303826 4.0
5.292728984977641 4.0
5.899727334994599 4.0
5.919150737563536 6.0
5.302157107855834 6.0
5.179266200481812 6.0
3.1586168285799774 4.0
3.780111500252137 4.0
2.8513615637952157 4.0
6.303264423612474 5.0
5.558140427284527 5.0
5.38314405951352 5.0
3.253319088789888 5.0
4.495798854625106 5.0
3.193503034826092 5.0
5.88961150453155 6.0
5.691898160375064 6.0
4.487834242396646 6.0
5.431871559308507 6.0
5.482909685279891 6.0
5.58322916088062 6.0
5.603853444724054 3.0
5.117436846598906 3.0
4.435285930115706 3.0
5.161219584924835 5.0
4.831786237527651 5.0
4.169053385766666 5.0
3.730121082855998 4.0
4.599525619272112 4.0
5.603177242571757 4.0
5.704489071828314 5.0
3.4267803800723873 5.0
6.288572157819771 5.0
3.7346728102299407 4.0
4.075545748914355 4.0
3.132516963447934 4.0
5.391249098428546 7.0
5.477488523220018 7.0
6.584119479197387 7.0
5.459166815755285 5.0
4.290906401058048 5.0
5.1831275980447336 5.0
5.852445068340301 5.0
5.816946818643346 5.0
6.0820120704247795 5.0
5.869624691557912 6.0
4.564294446070282 6.0
5.373548059354667 6.0
1.9777762488069497 2.0
3.3409108589455636 2.0
2.0233260295538384 2.0
5.549497311062704 4.0
6.683167128943368 4.0
5.680677705422589 4.0
3.786596781043496 5.0
4.959526303782456 5.0
4.89434830617897 5.0
2.905623005789067 4.0
3.2245161154434374 4.0
2.1427709806289243 4.0
4.968128661771805 4.0
4.62327474109294 4.0
4.128047924241554 4.0
4.512647914812454 4.0
3.900224028249895 4.0
3.21691273527057 4.0
4.701457660878048 3.0
4.025433991212866 3.0
3.9541402964137164 3.0
3.7659344677917184 5.0
3.652009814244071 5.0
4.644610940780664 5.0
6.2262835579403175 6.0
5.428832637550722 6.0
5.450012766367176 6.0
3.7573772177853466 5.0
4.400300177885764 5.0
3.343043264818528 5.0
5.541907845731585 5.0
3.7053770826552976 5.0
4.508830914530785 5.0
3.631932486253701 5.0
4.989886697750422 5.0
5.609450144299829 5.0
3.2003985657667355 5.0
4.136910683751515 5.0
2.2938275288998597 5.0
4.641820942023579 4.0
3.6449080910240848 4.0
5.004043442138138 4.0
5.701965611764257 7.0
5.274719276322802 7.0
5.5810118231477635 7.0
4.247673605243964 4.0
4.395602842769197 4.0
5.195445906978342 4.0
6.064786341405699 6.0
5.430941273217548 6.0
5.956896358965304 6.0
5.085022379198772 2.0
5.087601210198306 2.0
4.862926580475846 2.0
4.492619986329441 3.0
4.413666877409186 3.0
4.265117861594431 3.0
4.415185391130498 4.0
4.207336413388594 4.0
3.8894347408246706 4.0
5.1359726941045665 4.0
3.8769043040476636 4.0
4.173331329088887 4.0
5.627812634840806 5.0
6.072709229069664 5.0
6.204686266589831 5.0
5.546475805605373 6.0
5.541455385164587 6.0
6.293916553262737 6.0
5.522768121019049 4.0
3.959376048863237 4.0
3.5183957198291718 4.0
5.861076609570931 6.0
4.932230755558625 6.0
5.901853135638096 6.0
3.409992417803219 4.0
3.796057667373736 4.0
4.010218392261763 4.0
5.148820239332506 4.0
4.793663787353491 4.0
4.628091455272691 4.0
4.328654881965641 5.0
4.56735418871385 5.0
6.305730501489434 5.0
6.198588334715802 6.0
4.407245292227353 6.0
6.665387917274776 6.0
5.443245930929589 4.0
5.436601532433339 4.0
4.599532489580697 4.0
6.184171256122958 5.0
4.46603877375132 5.0
4.926770804045441 5.0
5.562288368111221 5.0
3.9037061861188453 5.0
5.217274708869544 5.0
3.60804190648304 5.0
3.3314972951390973 5.0
4.121042646356205 5.0
5.374326646202477 5.0
5.250332481634132 5.0
3.729209710279884 5.0
4.49148745790948 5.0
4.28883474002049 5.0
6.036032634970277 5.0
4.436193708088922 3.0
4.240656122893755 3.0
4.2616139804601465 3.0
5.154828089793518 6.0
4.650493681458343 6.0
4.59884522685077 6.0
5.08167536361181 5.0
5.881185715282625 5.0
5.660080819669578 5.0
2.7995293209121166 3.0
5.0060927554218795 3.0
3.298306652470183 3.0
5.4847146202288934 3.0
2.3912712158715435 3.0
5.585527797707583 3.0
6.72601578625821 7.0
3.895216446098518 7.0
5.844030863057943 7.0
3.8407530718533534 2.0
4.778817043069678 2.0
3.9820037734201095 2.0
4.945770605502655 3.0
5.238866793991912 3.0
5.243108556772613 3.0
5.104755479680252 5.0
5.08296972305516 5.0
5.039444554907689 5.0
5.923774749048785 4.0
5.939623227612936 4.0
4.164658351854355 4.0
5.327473025436785 6.0
6.43649549716038 6.0
5.066927275040563 6.0
5.690567830884573 6.0
5.342427981363424 6.0
5.3298230657339385 6.0
5.436251000507101 5.0
5.403179330673478 5.0
5.258788463233213 5.0
4.761094117077354 5.0
3.9753814236040173 5.0
4.304800704316147 5.0
5.33882670397916 5.0
4.538856914638313 5.0
4.195395687698482 5.0
0.5644097917482314 2.0
2.7787009559353053 2.0
1.156488406751456 2.0
3.2448213363923744 2.0
0.9202452066597008 2.0
3.028352441455275 2.0
4.166473207802192 5.0
5.4036916509167225 5.0
4.813041526124924 5.0
1.8151368395778449 1.0
3.861615053322417 1.0
3.855987110296429 1.0
4.337603180036379 5.0
4.889304271194212 5.0
5.5768045442350624 5.0
5.468684520019203 5.0
3.913753236477417 5.0
3.968714814055105 5.0
1.7574676871068384 1.0
2.8506105980057943 1.0
1.5776052780376517 1.0
3.0397359229505474 4.0
1.9511447554505046 4.0
3.5378072154846385 4.0
5.904634324162516 5.0
3.8914478938253523 5.0
4.505395022802411 5.0
5.036382553411877 5.0
4.115300757322056 5.0
4.616046673551041 5.0
2.1246580060553897 2.0
5.267008117346634 2.0
5.056353445977094 2.0
4.072668636167763 4.0
4.69688685462837 4.0
2.663002492133329 4.0
3.044603540037496 3.0
3.7743181768360192 3.0
3.687741637719768 3.0
2.693596303859279 3.0
2.020217170969659 3.0
1.2663827702111667 3.0
4.6840846952493 5.0
3.9173632494222517 5.0
4.030128126356475 5.0
3.365701380398842 5.0
4.778544219921208 5.0
1.6172564283450892 5.0
0.45462054862953005 0.0
1.6344394517176986 0.0
1.2708045003468718 0.0
3.7045747961863804 5.0
4.382694955860883 5.0
5.566907221666649 5.0
5.078378769478094 5.0
4.132589672547419 5.0
4.132457400380674 5.0
3.5977833094879066 5.0
3.7686472283817807 5.0
3.477563293930289 5.0
4.245778533560468 6.0
4.597435071740757 6.0
3.376754408565316 6.0
6.041275580766 7.0
5.757272702162907 7.0
5.436537498899792 7.0
2.6380809391002114 3.0
3.0971583061467776 3.0
2.7764418851752004 3.0
3.6618987999762904 5.0
5.238852029529357 5.0
2.203413578223938 5.0
3.473520992154077 4.0
4.708743300873182 4.0
4.953040081321465 4.0
2.6016682845728556 5.0
3.687178203494025 5.0
2.700429786828646 5.0
4.783169682343102 4.0
2.0173514725739667 4.0
2.0830061139401472 4.0
4.96548417849939 5.0
5.225645862916703 5.0
4.510871190307838 5.0
5.316641811680157 4.0
2.6935964130300345 4.0
4.26245530648432 4.0
1.7786340089034012 3.0
3.4619192012577273 3.0
3.145033227319294 3.0
1.2626319468290887 0.0
1.418495891425938 0.0
1.3502651182260703 0.0
5.072991013480239 3.0
4.01401888476758 3.0
1.073316461456138 3.0
2.358341204796054 4.0
4.300054229924401 4.0
2.5724768850374478 4.0
5.036360920364858 6.0
3.3716342112257567 6.0
3.6667514671153785 6.0
1.7444389406476708 1.0
1.3531490694163708 1.0
2.002210153527579 1.0
1.905537242971624 2.0
4.124948553624955 2.0
1.8108866229826042 2.0
5.334458972432034 6.0
5.570612244188762 6.0
3.5888641932252074 6.0
4.689029577875641 3.0
5.04225742066531 3.0
4.846748074693289 3.0
5.863860630000999 4.0
5.187650673552535 4.0
4.377309253185423 4.0
1.919178247503217 3.0
4.674106325080462 3.0
3.869227351671781 3.0
4.689037349006092 3.0
4.664468522105337 3.0
3.20877617046577 3.0
4.169241414235283 4.0
3.8627348239063592 4.0
2.9511694694996975 4.0
4.85159567550227 6.0
3.7098705218899215 6.0
4.186791126071083 6.0
3.2819107972662054 4.0
2.4658655343689415 4.0
3.830821269725465 4.0
5.64997054483533 6.0
6.32518459316187 6.0
5.925824378099871 6.0
5.518204305464968 5.0
3.966919276022302 5.0
6.131565209544532 5.0
5.6087910382622645 4.0
3.4756054388831106 4.0
3.4125889984734217 4.0
1.1789537890161286 1.0
2.6865090787363566 1.0
3.697035136844521 1.0
6.420933207387873 6.0
6.331568667651802 6.0
6.791084735256205 6.0
5.541784528868791 5.0
3.181338353745912 5.0
5.757256908845625 5.0
6.345072880063143 6.0
5.604685368228361 6.0
5.78519491208499 6.0
6.28641490285729 6.0
6.2350825661144595 6.0
6.073320316088515 6.0
5.858345502829622 6.0
6.0506747187674765 6.0
4.885898822769786 6.0
5.6141473946592155 6.0
5.194700815069371 6.0
5.566313199664055 6.0
5.997924807171224 7.0
5.5742680244557965 7.0
5.790871831666307 7.0
3.039288760732273 5.0
4.355076167446285 5.0
4.83123854605364 5.0
3.074525856666023 4.0
3.420916173692762 4.0
4.8956216059110815 4.0
5.756671981110212 5.0
5.813296038538702 5.0
4.405151108606905 5.0
5.149684301343339 6.0
4.166922860369236 6.0
2.9199132882275243 6.0
5.31944826145579 5.0
5.727918685143328 5.0
3.262787789364213 5.0
2.8600978570976228 4.0
3.4903346547171736 4.0
3.64926823603754 4.0
3.159430605525382 2.0
4.927660564715937 2.0
3.0216200936807796 2.0
3.712826448811491 4.0
3.6773672189308817 4.0
3.4698587871178193 4.0
1.8842711064918851 3.0
1.763109627080144 3.0
3.6505668568403324 3.0
5.1380473755471865 5.0
4.260071060822069 5.0
3.532420767649712 5.0
2.8865848275090187 4.0
3.2986497106251536 4.0
3.6320518313498704 4.0
3.5952832351617627 2.0
3.0191593308988054 2.0
2.956167040384066 2.0
2.7586912706954982 3.0
3.154040525378542 3.0
0.5600496699076404 3.0
5.1374712100219675 5.0
5.195803999686233 5.0
4.242504592118855 5.0
3.4805133853773613 5.0
4.035334619328455 5.0
2.0141215651611617 5.0
5.661594160756898 5.0
6.753065459956142 5.0
6.5127342759419635 5.0
3.5884114615146983 5.0
3.0870709298054613 5.0
4.269117781807395 5.0
5.0393080504176595 4.0
3.4527758211591517 4.0
4.396823687970498 4.0
4.001151801658568 4.0
2.547113736079553 4.0
4.5176103546154405 4.0
4.38300602836963 6.0
5.074129301893006 6.0
6.185862814978074 6.0
5.141082521369265 3.0
4.228504730450364 3.0
4.5019719292684055 3.0
4.132548512756887 4.0
4.3909111215650904 4.0
3.788856092903298 4.0
1.574838301302267 1.0
1.962494244652844 1.0
2.642158927556705 1.0
2.9340957477719583 3.0
2.6849301879387752 3.0
2.463852751332581 3.0
4.034709079639614 5.0
3.071039299351782 5.0
3.8495453874326886 5.0
1.932800653852812 0.0
3.241876508902978 0.0
2.4584196372994196 0.0
4.731159281867615 4.0
2.857273447234122 4.0
3.032766768812977 4.0
4.569781133519657 6.0
3.798754956994231 6.0
4.328219685788944 6.0
3.6764171893775743 6.0
5.234921001323783 6.0
4.936562870467226 6.0
3.938250303353849 3.0
3.4672998836397806 3.0
4.650531306881344 3.0
3.950363448274509 5.0
4.354394974055136 5.0
1.8467958411540029 5.0
5.142547832935089 2.0
4.57291602350291 2.0
5.770952198294668 2.0
4.499364393674384 6.0
4.503241496050534 6.0
3.430476487678027 6.0
4.827685912563948 3.0
5.563033225485072 3.0
4.577660972044148 3.0
4.574893086626135 5.0
5.20719016735318 5.0
4.953472448063411 5.0
1.6809949113874607 1.0
2.831078274164665 1.0
1.444169673696245 1.0
1.8746972552503103 5.0
4.126772930704867 5.0
4.090020777199459 5.0
5.000578048570708 3.0
4.764025367786887 3.0
2.6725481272244234 3.0
3.131591040631076 4.0
1.7225110885211303 4.0
4.4990914393205905 4.0
4.342896866826777 6.0
2.308072641629318 6.0
3.890726110697541 6.0
1.1800364748279961 4.0
1.8718373536393238 4.0
3.1956336681645885 4.0
3.453642704834424 5.0
4.6614875851647275 5.0
2.4203791099766905 5.0
4.750654705891067 5.0
4.542342624114168 5.0
5.073014664686174 5.0
2.0965238221939115 2.0
3.046237882394892 2.0
1.6959517474392454 2.0
3.27956937915429 4.0
3.0971824372885175 4.0
2.6115917842500433 4.0
3.559216408936161 3.0
2.830880801108775 3.0
2.7182789828054377 3.0
3.495335201525495 4.0
3.9996459080272664 4.0
2.5276315272313084 4.0
3.3959752816694233 4.0
3.183526972804812 4.0
2.8974027275022647 4.0
5.435338802113554 3.0
2.2753490997927868 3.0
2.535295522428253 3.0
2.8615052075541336 2.0
2.4310740287974726 2.0
2.6300325325414944 2.0
1.1961109674113801 3.0
1.3146022588940316 3.0
2.2803549295113434 3.0
4.192125988267107 5.0
1.9789306174435417 5.0
3.5184273890589877 5.0
1.4062649878943756 1.0
1.2700408841411848 1.0
0.870881706400306 1.0
4.922665212722351 4.0
5.307151260275303 4.0
4.47488258653495 4.0
2.914292746533767 4.0
4.412485267079822 4.0
3.3810312589913227 4.0
2.8215235745556337 3.0
2.267497491538916 3.0
2.0825904397497266 3.0
3.4010238863461666 3.0
1.9724275463329273 3.0
2.3282423446791043 3.0
2.288595636517628 4.0
2.897151358982322 4.0
2.507216133620852 4.0
1.5696444320116352 2.0
2.136214449539794 2.0
1.0149412801910398 2.0
3.2707381385112253 0.0
2.398142374003281 0.0
1.627863864381986 0.0
2.4757676990413677 3.0
2.500481971101369 3.0
2.0296368587088396 3.0
2.2103866020727234 1.0
2.1075392048303563 1.0
1.2253300874831523 1.0
1.7574140562717668 2.0
1.9352909293399054 2.0
2.164292344863072 2.0
2.5578926221956575 1.0
1.2829677357535796 1.0
1.8222029604581889 1.0
5.287359098002339 2.0
2.0064913487732703 2.0
0.37675193893609127 2.0
2.3185596016692154 2.0
3.1543045801221785 2.0
2.913573678478125 2.0