4.793363687360377 5.0
5.928062752311364 5.0
2.809338429815387 5.0
4.664234805484647 4.0
3.744288073157712 4.0
5.730287809650563 4.0
3.2292921783409545 5.0
5.1826735418145065 5.0
5.572017228329134 5.0
5.7530334661677465 6.0
5.89010832738577 6.0
3.973838945632627 6.0
5.7337575099931355 4.0
5.145268411116069 4.0
4.709627857040688 4.0
6.173586361505085 6.0
5.001135659301771 6.0
5.865584771179807 6.0
3.0708296579943637 2.0
3.890496200632753 2.0
2.582694560400755 2.0
6.7055153372417005 5.0
6.109168741700108 5.0
4.8588041760803735 5.0
3.0210777932382964 3.0
4.040218990614913 3.0
3.2506545770650073 3.0
5.618068179080567 6.0
6.108261768980338 6.0
3.8891530676385817 6.0
5.2953999436856245 6.0
5.636689212377289 6.0
5.302922318162845 6.0
6.013420978118898 5.0
4.814625519247528 5.0
5.1149043359502455 5.0
5.69612907609339 5.0
4.858352306559707 5.0
5.316057763068659 5.0
4.468543141335766 4.0
4.8019215144964456 4.0
5.705184376331691 4.0
5.819043489253834 5.0
3.7607013247549474 5.0
6.387667631400413 5.0
3.5019077246660744 4.0
3.7936084253018003 4.0
3.273584139463214 4.0
5.46391310350722 6.0
5.460852486309863 6.0
6.473133593883619 6.0
5.461961953758072 4.0
4.19148211682899 4.0
5.487157032510161 4.0
6.294866218944104 4.0
6.146555272961697 4.0
6.563549402889797 4.0
5.910134046313236 6.0
4.637027068205717 6.0
5.570110281942087 6.0
2.5633286225778606 3.0
3.111832138434645 3.0
2.2377995255591885 3.0
5.690978237494763 4.0
6.491597924167828 4.0
5.149384602490875 4.0
4.339242653858304 5.0
4.945271654021019 5.0
5.618610143082482 5.0
3.750703647765081 4.0
2.6412887161723493 4.0
2.389828963559385 4.0
4.35635108144443 4.0
4.44517251319637 4.0
3.7726251632568157 4.0
4.605296195533443 5.0
4.494360809869171 5.0
3.4589135251297747 5.0
4.287627758624484 3.0
3.2152437380216683 3.0
3.3856003998157145 3.0
3.6553719872328654 4.0
2.7967460061814777 4.0
5.430143431782262 4.0
6.037482423812678 6.0
5.741355667382446 6.0
5.533630081054039 6.0
3.273455232648587 5.0
4.7419678023183955 5.0
3.304401449503744 5.0
6.058923850923706 5.0
4.0010166104756735 5.0
4.494995959753944 5.0
2.9231308195298706 5.0
5.287453895815607 5.0
5.611016379178895 5.0
2.3413731161526514 5.0
3.7552429660962625 5.0
1.9618556573006125 5.0
4.266805027578753 3.0
3.783869738665918 3.0
4.104362985090186 3.0
5.124358660556228 7.0
5.411715315202855 7.0
5.622067046193401 7.0
4.429825343306922 4.0
4.016789444867281 4.0
5.609496526685574 4.0
6.259031944313459 7.0
5.376905562237654 7.0
5.958557235414717 7.0
5.680428230286926 3.0
4.551934108740217 3.0
4.4938311395887665 3.0
5.470230472904539 4.0
3.793072992622487 4.0
4.24670565189454 4.0
4.385479449004461 5.0
3.9367929022799144 5.0
4.233614394973627 5.0
4.813250251847101 4.0
3.752225502661017 4.0
4.400410713166218 4.0
6.147145830792907 6.0
6.179007558124342 6.0
6.62809172676159 6.0
6.017063744909585 6.0
6.1896493920119084 6.0
5.899295034278596 6.0
5.739414587103722 4.0
3.8644056913698743 4.0
3.357943874980932 4.0
5.361287498265889 7.0
4.505776725033261 7.0
5.179525375958414 7.0
4.162836272478942 4.0
4.278518124566971 4.0
3.5697709638733404 4.0
4.902622833066931 3.0
4.494962949806869 3.0
3.476373186764196 3.0
4.077981609616667 5.0
4.525374381599426 5.0
6.24647948844472 5.0
6.198716439399255 6.0
3.9296986491863652 6.0
6.716076575507243 6.0
4.8948700823386515 3.0
5.943201436208217 3.0
3.5716096163611097 3.0
6.156658036123387 5.0
4.8252651657096015 5.0
4.3600956712739904 5.0
5.540950727868572 5.0
4.194502852038364 5.0
5.554275364278031 5.0
2.6440982025132405 4.0
2.973603337028449 4.0
3.2748432958856655 4.0
5.664483060170854 4.0
5.5740308694346155 4.0
3.2711009396256854 4.0
4.157575101577105 4.0
4.315980524941577 4.0
6.412893570523809 4.0
4.069399683715425 3.0
4.041702702080923 3.0
5.4548339577407825 3.0
5.425506576903805 7.0
3.7326399865913396 7.0
4.669271253327505 7.0
5.35720265774836 6.0
6.176730673335626 6.0
6.124814356385461 6.0
1.8870890932796858 3.0
3.9736988690430235 3.0
3.633466717009634 3.0
5.464247963769031 3.0
1.9647576035701229 3.0
6.135713209524725 3.0
7.102923251776489 7.0
5.125432375782255 7.0
6.265301530554091 7.0
3.6149952306909374 2.0
4.566455255043811 2.0
3.914900468692102 2.0
5.580690328873446 4.0
4.247411836357345 4.0
5.3604427547427935 4.0
5.450497677144653 4.0
4.809378518426074 4.0
5.556034743494178 4.0
5.712150335145794 3.0
5.327497940103805 3.0
5.008486128295535 3.0
5.135115523923727 6.0
6.357827269261752 6.0
4.572254169331781 6.0
5.782567421474618 6.0
4.926370962145438 6.0
5.47830443002524 6.0
4.605815093375446 5.0
4.1893580943721656 5.0
4.761883892721055 5.0
4.400217850224957 5.0
4.105282186598685 5.0
3.7643257429080537 5.0
4.815206386085388 5.0
4.830249099099161 5.0
4.497053781490244 5.0
1.1162980915957312 2.0
2.590336039709345 2.0
0.8203365569830099 2.0
3.634900491229514 2.0
1.0369968587062197 2.0
3.1268390138156823 2.0
4.232844838155203 5.0
5.939117831423142 5.0
5.073813995449825 5.0
3.7760200969266333 1.0
3.9147616180472213 1.0
3.853504997210058 1.0
3.75639117793129 5.0
4.845342087849664 5.0
4.510325134460858 5.0
5.57606977392699 5.0
3.5887233217146486 5.0
5.150508778071227 5.0
1.6648120606178376 1.0
2.347329242661721 1.0
1.61921777668048 1.0
2.569818133214038 3.0
1.6049467062806997 3.0
3.6796259685367194 3.0
5.89161870708421 5.0
4.047026745107678 5.0
4.353632629107191 5.0
4.232100532534958 5.0
3.9559049110097315 5.0
4.008924840561209 5.0
2.1762863630792406 3.0
4.919668826627928 3.0
5.382888870710272 3.0
4.132491680939293 4.0
3.376973062569401 4.0
3.391801271790766 4.0
2.7236603161496022 3.0
3.412019624564392 3.0
1.9740206328221663 3.0
2.6389150829678614 3.0
2.4477901893933134 3.0
1.2295048639227926 3.0
4.9046561346523685 4.0
4.197910628012858 4.0
3.67010358487329 4.0
3.6596668314714202 5.0
4.842272170985482 5.0
2.3849865386298266 5.0
1.4804557360386768 0.0
1.5224928816708876 0.0
1.1775111244669223 0.0
3.7825272667640477 5.0
4.712743167165825 5.0
5.611275327263693 5.0
5.415518437736845 4.0
3.766238987539736 4.0
3.5544486755590494 4.0
3.1931243245594305 5.0
3.069633057805807 5.0
3.1218986502944293 5.0
3.8674460827327817 6.0
4.298170149971969 6.0
4.084239004152742 6.0
6.2420184436822295 7.0
5.861900412103221 7.0
5.410562030652903 7.0
3.428941402101563 3.0
2.406272735173407 3.0
2.6693579899436837 3.0
3.613669854878282 4.0
5.375763220929406 4.0
2.3960537294703528 4.0
3.463586902299015 4.0
5.954443699290251 4.0
5.743600015909326 4.0
2.357215397962681 5.0
3.0811117466719358 5.0
2.6722102453697545 5.0
3.9628734434633253 4.0
1.1330270837360108 4.0
1.8698922178820785 4.0
5.419423044832622 4.0
5.81242869159414 4.0
5.3541364892779155 4.0
4.904182200945206 4.0
2.516372923036143 4.0
3.840850553839481 4.0
2.2506426541981144 3.0
3.193096197777337 3.0
3.212064756348252 3.0
1.8711441615418847 0.0
1.2979606432096944 0.0
1.8857127207425401 0.0
5.004507460452252 4.0
3.801146305360021 4.0
1.6359742821957164 4.0
2.3498492891873983 3.0
2.610986569863092 3.0
2.748654416751581 3.0
4.998415783104448 5.0
3.3547493335223093 5.0
4.047840874909061 5.0
1.5831747276804966 1.0
1.1758281619955413 1.0
1.5375896551951012 1.0
2.7458580428644095 2.0
4.079169447336299 2.0
3.1018614663889608 2.0
5.891315425027953 6.0
5.820918138863319 6.0
5.0471173227769075 6.0
4.815996199201978 4.0
4.596831864000854 4.0
5.2996834155381425 4.0
5.881144417058725 4.0
5.703325368218024 4.0
3.6818460006794216 4.0
1.4218998813129982 3.0
4.321894149488475 3.0
3.3147108418088695 3.0
4.453184952684011 4.0
4.652081279874967 4.0
3.5169626599789514 4.0
4.251426372812932 4.0
4.066486145666425 4.0
3.5122499615586524 4.0
4.890985696047606 6.0
3.3101925462947093 6.0
3.9138728891568153 6.0
3.986122732243102 4.0
2.618615992499719 4.0
3.761771873636409 4.0
5.403123025146009 6.0
6.010180641133812 6.0
6.325212011543539 6.0
5.66756938639419 5.0
4.373037422673876 5.0
6.410843487173843 5.0
5.180945085028453 4.0
3.91327737445511 4.0
3.466507657472508 4.0
2.3558101441269503 2.0
2.756713766295345 2.0
3.7933967312226473 2.0
6.926551557734533 7.0
6.601556000233713 7.0
6.848629179178357 7.0
5.926850914450379 6.0
3.020411616435017 6.0
6.319476921230407 6.0
6.373669162890859 6.0
5.8007785788009 6.0
6.135655794404475 6.0
6.345320010462539 7.0
6.205983302405185 7.0
5.176647833463351 7.0
5.5007600047948175 6.0
6.317878887250111 6.0
4.9986882269119866 6.0
5.319211974904472 6.0
5.5430737575827385 6.0
5.436454876196229 6.0
5.956438735092232 6.0
5.937013383640328 6.0
6.0144834227556805 6.0
2.5145963206961 4.0
4.311653364518183 4.0
5.749391854537504 4.0
3.1366542241760316 4.0
2.976455732412062 4.0
4.971652741253489 4.0
5.953572432706517 5.0
5.374035215324867 5.0
5.025097962083111 5.0
4.717681864594506 5.0
3.597478260695673 5.0
2.884416695709835 5.0
5.422894662765417 5.0
5.691656700077324 5.0
2.823204468099743 5.0
2.6085846041031875 4.0
4.293610560827192 4.0
3.896135128754288 4.0
2.9724490361387303 2.0
5.385645887647422 2.0
3.0758211018716133 2.0
3.884460419574591 4.0
2.9259392870030116 4.0
3.029960251723384 4.0
2.669888153282224 3.0
1.530337843928327 3.0
3.078185736602613 3.0
4.665248184334464 5.0
3.2746811699687477 5.0
4.755561831472852 5.0
2.780876004144259 4.0
3.317380307278658 4.0
3.486527945702998 4.0
3.252397389173861 3.0
2.9105903758825966 3.0
2.4981824038688916 3.0
3.0723723032252575 3.0
3.149266793229235 3.0
0.9784670442138319 3.0
4.316456511938094 5.0
6.067047603134936 5.0
5.068606975930178 5.0
3.4522434924346905 5.0
3.86470891169491 5.0
2.688736518381759 5.0
5.97935501613711 6.0
6.74204016008556 6.0
6.8016814034666915 6.0
2.927958035662033 4.0
2.7563356623314563 4.0
3.252458451248827 4.0
5.038465441863061 4.0
3.6562065607043213 4.0
4.027756600048538 4.0
4.0524548529745426 4.0
2.7699201191404828 4.0
5.330267529997371 4.0
5.1506878082184535 6.0
4.794314220805325 6.0
6.3017816845081 6.0
5.504577461817646 4.0
3.057132090670801 4.0
4.30037830578255 4.0
4.17661534075552 5.0
3.7867059828548415 5.0
3.7428425397164022 5.0
1.448595619335525 1.0
2.1651345725916205 1.0
3.348008451971513 1.0
2.203086224479173 3.0
2.370061145457443 3.0
3.3325272456477224 3.0
3.4457655987123164 5.0
2.8507773701135544 5.0
3.005657586550669 5.0
2.4065352401974356 1.0
4.482887319171336 1.0
2.6061625372749777 1.0
4.406884702427442 4.0
3.0244773078481324 4.0
3.3277162247455063 4.0
4.221184686651472 6.0
3.528002893513203 6.0
4.987614077895313 6.0
2.9590632972616717 6.0
5.096279793848787 6.0
5.280382629575154 6.0
3.4215017727987354 3.0
3.4780580003944563 3.0
4.535383467357178 3.0
3.7821616043881336 5.0
3.045869094772172 5.0
2.115342961107132 5.0
5.435346275469952 3.0
4.013145063293984 3.0
5.776504086975238 3.0
4.683638935428742 6.0
4.451156203723751 6.0
3.2717758670357617 6.0
4.272102718098235 3.0
4.000692231726508 3.0
5.1060676618316565 3.0
4.717722751727673 4.0
5.439425437083999 4.0
5.09009127244366 4.0
1.6779401752202525 1.0
2.562338597054677 1.0
1.367129293684306 1.0
2.156595236267273 5.0
4.184692107347606 5.0
4.577948288867435 5.0
5.29211746128665 4.0
4.587345939042405 4.0
3.2289626800098197 4.0
3.217920214857426 4.0
1.741487851516814 4.0
3.4587847594015417 4.0
3.426492928967861 6.0
2.5038554980294743 6.0
4.59660842810013 6.0
1.924723481534966 4.0
2.2631259399336665 4.0
4.114089201880496 4.0
3.7248209330671673 5.0
4.526819509810086 5.0
2.2839348609911925 5.0
4.247915586928523 5.0
4.705134625768616 5.0
4.904085926602769 5.0
2.2886392628736507 2.0
2.7253192237199486 2.0
2.074862886177268 2.0
3.356040348200613 4.0
3.45867792421122 4.0
3.217131476072318 4.0
2.9430109295075395 3.0
2.7531531870131056 3.0
3.588473493957305 3.0
3.659979542421748 4.0
3.6009137832742364 4.0
2.7582780588772584 4.0
3.4130277884378675 4.0
2.7110929974560434 4.0
2.9827102341956016 4.0
5.521330731663889 2.0
2.0855240854016106 2.0
2.4279866271276105 2.0
3.877188975008326 3.0
3.63510481518309 3.0
2.60763323987348 3.0
1.3987623121305208 3.0
1.187201173779846 3.0
1.88839320301071 3.0
4.639493216133728 5.0
2.146134882350295 5.0
3.7379061522034913 5.0
1.6948636383711684 1.0
1.2430265515612626 1.0
1.3872866314581807 1.0
5.50109440022789 4.0
5.608542853730548 4.0
4.335866965582383 4.0
3.4104098801999747 5.0
3.954700008239533 5.0
3.1154242316582477 5.0
3.089833997833109 3.0
1.9008922219178581 3.0
3.0700896224279335 3.0
2.897832410523638 3.0
1.9949865795217674 3.0
1.3376661242558439 3.0
2.012050385919741 4.0
2.749094989572685 4.0
2.6505696277752793 4.0
1.9349097391296302 2.0
2.15924962418577 2.0
0.45997172067925746 2.0
2.339131447036521 0.0
3.4217369623410425 0.0
2.073271699982339 0.0
2.0438692166459655 3.0
2.241315263544009 3.0
1.7776875227017548 3.0
1.8435238453545042 1.0
2.414803021991393 1.0
1.4432156348685452 1.0
1.3777099366207086 2.0
2.1293783256581476 2.0
2.329756013807425 2.0
2.98744370443052 1.0
1.850741681281881 1.0
1.9913538452614183 1.0
4.46340301314006 1.0
1.804655308979601 1.0
0.739551755078696 1.0
2.157010039002482 1.0
2.8819764570893356 1.0
2.1052614613536567 1.0