4.397979387943213 5.0
5.416098547246791 5.0
2.7337100049399403 5.0
4.402548084682202 4.0
3.3427064532216058 4.0
5.445606500985595 4.0
3.0664155870546828 5.0
4.66578744633286 5.0
5.09934962286826 5.0
5.440806968109125 6.0
5.812663610787031 6.0
3.5663786918652867 6.0
5.2079380975883796 4.0
5.500309487704843 4.0
5.209855421713429 4.0
6.196904241082629 6.0
5.363916759835902 6.0
5.7643447303596504 6.0
3.3534004245129556 3.0
3.810973838038708 3.0
2.421823288711916 3.0
6.534856993561996 5.0
5.613481563004496 5.0
4.95712690914294 5.0
2.9166179146217344 5.0
4.4284573625432895 5.0
3.3918776167803886 5.0
5.671074338171135 6.0
5.703947644740957 6.0
3.595660665989 6.0
5.394502726651488 5.0
4.828923191136693 5.0
5.543774485965951 5.0
5.586493784446705 5.0
4.845543974422007 5.0
5.110607981062824 5.0
5.471788039891133 5.0
4.869174304630926 5.0
5.525367665816775 5.0
3.7564655773315208 4.0
4.969427446489696 4.0
5.739670566329095 4.0
6.082669429705517 5.0
3.6368566855988242 5.0
6.311461666983086 5.0
3.9927436889557324 4.0
3.4478275745411664 4.0
3.3903047240217106 4.0
5.662631635302621 5.0
4.849321352054625 5.0
6.108484615196104 5.0
5.482890789197785 4.0
3.8292879497530365 4.0
5.268885694126608 4.0
6.058697416088459 4.0
5.662250647515954 4.0
6.102808456345997 4.0
5.672479368260016 6.0
4.325586948945326 6.0
4.97666990351834 6.0
2.582079461695679 2.0
3.524278052056688 2.0
1.6070117151844105 2.0
5.646292597291476 4.0
6.414449508705141 4.0
5.254603795695458 4.0
3.5392187749270203 5.0
4.998773606382096 5.0
5.417280544465562 5.0
3.5286207208837777 4.0
2.699340958157193 4.0
2.2794552664463867 4.0
5.148279375263073 3.0
4.579233193501504 3.0
3.769996592649947 3.0
4.01903533420197 5.0
3.900245853317379 5.0
3.3924163431527212 5.0
4.625522047846145 3.0
3.1529737698099045 3.0
3.7729970298548103 3.0
3.314361209416127 5.0
3.053190376539687 5.0
5.11741966247677 5.0
5.853815780282772 6.0
5.286642970015322 6.0
5.237781510711787 6.0
2.8216516356388905 5.0
4.9499368090687845 5.0
3.2721229131646123 5.0
5.8762292868066766 5.0
3.4437169773452743 5.0
4.989865352735957 5.0
3.18155213284447 5.0
4.99248164371724 5.0
5.423472643054005 5.0
2.583044579022808 5.0
3.8740199933147808 5.0
2.0944063032905906 5.0
4.639089204537356 3.0
3.883895664817547 3.0
4.778029364398754 3.0
5.729930845201329 5.0
5.3825651759474065 5.0
5.299811754844317 5.0
4.219292846048975 4.0
4.42796694483509 4.0
5.547468409789165 4.0
6.006610617127255 6.0
5.172160127125439 6.0
6.043617281218083 6.0
4.5111574064095015 2.0
4.500525598405808 2.0
4.833477726643112 2.0
4.707255682187058 4.0
3.7386132111230967 4.0
3.5569447500383813 4.0
4.597160028120908 5.0
4.5195554034477325 5.0
4.609707036929169 5.0
4.835693124933675 4.0
3.697422527537635 4.0
4.2992869117744466 4.0
5.170020774471108 5.0
5.891897153603405 5.0
6.390741608598506 5.0
5.573925897142415 5.0
5.431798756692248 5.0
5.318184784666629 5.0
5.242879566499224 4.0
3.422319685056763 4.0
3.7190116806353744 4.0
5.345050486222555 6.0
4.337762277497362 6.0
5.444234632052825 6.0
3.7508058927375245 4.0
3.842571376041202 4.0
3.317492443817133 4.0
4.547354541371172 4.0
3.937383298686843 4.0
3.8124280973040094 4.0
4.639409617200002 5.0
4.90360758384153 5.0
6.132794475815226 5.0
5.9933031010166955 6.0
4.101914080664011 6.0
6.698009108571784 6.0
4.905610565997242 4.0
4.779474925810206 4.0
3.6279424991444076 4.0
5.935533294255029 4.0
4.568484393969974 4.0
5.318761639297554 4.0
5.337629500001551 4.0
3.900185351910614 4.0
4.772015450163373 4.0
2.972365753804003 4.0
3.136619660071753 4.0
4.528083634899755 4.0
5.476044963926731 4.0
4.733877289549655 4.0
3.593386301297335 4.0
4.178292049835799 4.0
4.167833121527963 4.0
5.891554232338161 4.0
3.9599474196667357 3.0
4.308152371213201 3.0
4.859761345327668 3.0
5.259210590734654 6.0
4.198271811255211 6.0
4.248231357246905 6.0
4.762411897004008 6.0
5.916720707028399 6.0
5.688488006297128 6.0
2.0558513988802063 2.0
4.68990769033795 2.0
3.3962932574143916 2.0
5.652986312609791 3.0
2.071379944894981 3.0
5.916886186137447 3.0
6.563535111850658 7.0
4.359484523951951 7.0
6.089689663913675 7.0
3.8870221213941196 2.0
4.751746447019325 2.0
3.947403174522156 2.0
4.7420228119308945 4.0
4.4768219010500285 4.0
5.14879693935646 4.0
5.206689426242591 3.0
5.0748483900914545 3.0
5.102550949064545 3.0
5.6686272696716 3.0
5.32085097750968 3.0
4.176056525494625 3.0
5.4072283026143255 6.0
6.216810441974422 6.0
5.162862779963322 6.0
5.741532784450651 6.0
5.054041848782181 6.0
5.695121691109215 6.0
5.612118355530298 5.0
4.5391944153640535 5.0
5.318194095614932 5.0
4.764843366628441 5.0
3.812296198420732 5.0
4.2737522327233215 5.0
5.0349540152694425 4.0
4.908254232017712 4.0
4.305047149921511 4.0
0.16211971965649816 2.0
2.225572865177641 2.0
0.46177562856659243 2.0
3.2816985111348833 2.0
0.9535928622860604 2.0
2.696777361292132 2.0
4.155544223954013 5.0
5.101264719344595 5.0
4.500034236968155 5.0
2.5250516782133783 1.0
3.3769281273972243 1.0
3.194093942310803 1.0
4.160592248062694 5.0
5.07750227691857 5.0
4.722099824845126 5.0
5.238078674558939 4.0
4.124716238302891 4.0
4.2081422851173285 4.0
1.7186743625572896 1.0
2.663742741075766 1.0
0.8990904455373893 1.0
2.6580163986380407 3.0
1.959539736192021 3.0
3.183603202634433 3.0
5.562882898831238 5.0
4.038746242312913 5.0
4.284613920341234 5.0
4.610231331916087 5.0
4.281291714158649 5.0
4.218079323004602 5.0
1.8912290758040036 3.0
5.105134426474733 3.0
4.9858954264628395 3.0
3.06154045290578 4.0
3.9915437061441734 4.0
2.9470553003394504 4.0
2.5917398775539726 3.0
3.3283080120596717 3.0
2.244844167355445 3.0
2.7364972088781174 2.0
1.846503194443196 2.0
1.267752077415834 2.0
4.419451797728563 4.0
4.199145563653563 4.0
3.670287766316509 4.0
3.349115540400978 5.0
4.221365740427942 5.0
1.7427814604744452 5.0
0.3284466270314737 0.0
1.3984463994643497 0.0
1.2370620021938852 0.0
3.4143531577433217 5.0
4.187331649707172 5.0
5.148965764896167 5.0
4.347481220579967 4.0
3.9757633483438433 4.0
3.5318720004360307 4.0
4.132855154001478 5.0
3.038840173752362 5.0
2.7682999770427728 5.0
3.8208794336770926 6.0
4.0495950585381975 6.0
4.237093133041731 6.0
6.116055948634814 7.0
5.527206408181434 7.0
5.818112443615026 7.0
2.814927957831284 3.0
2.693035384855685 3.0
2.827583341919332 3.0
3.3861010412163557 4.0
5.184440014839025 4.0
2.4462662652688847 4.0
3.3203872000693915 4.0
5.429660674956013 4.0
5.282705245427255 4.0
2.039736207010369 5.0
2.9146811571564206 5.0
2.8269309666640643 5.0
3.780963893556776 3.0
1.770294466373948 3.0
1.9833507669775776 3.0
5.241837127360075 4.0
5.02016541403558 4.0
4.884437394269515 4.0
4.904850144170904 4.0
2.4252917592757846 4.0
3.83384170440694 4.0
2.287787865317239 3.0
3.5871957811717414 3.0
3.0083316624609466 3.0
1.6855701261439087 0.0
1.2411882483821557 0.0
1.85191603156861 0.0
5.071396565587933 3.0
3.394990535517899 3.0
1.0821165209840438 3.0
2.3938779847290794 4.0
2.9827819282828267 4.0
2.6335867339916885 4.0
4.89968927629494 5.0
2.449778912323075 5.0
3.8638293354772504 5.0
1.3449662830159195 1.0
1.6007886772153501 1.0
1.9279234702552754 1.0
1.9786586311394716 2.0
4.139953473134562 2.0
1.6901508670615017 2.0
5.599158564966977 6.0
5.45874730834521 6.0
4.446813097655082 6.0
4.7593267757429345 3.0
4.862746634880225 3.0
5.330034277327114 3.0
5.6257281880559855 4.0
5.337124983925895 4.0
4.039320166913737 4.0
2.1339715434583795 3.0
4.167229695972446 3.0
3.665257476890639 3.0
5.104490356294347 4.0
4.9556031724713785 4.0
3.40465857388294 4.0
4.461350374878842 4.0
3.623040631144803 4.0
3.4325418076251286 4.0
4.402005616419797 6.0
3.339155585228285 6.0
3.7942450331139597 6.0
3.4913618399535915 4.0
2.3455850959719453 4.0
3.298281714354707 4.0
6.031035647125401 6.0
5.550917593207573 6.0
5.693596767556106 6.0
5.541372324558527 5.0
3.7409433748262404 5.0
6.194578245898016 5.0
4.757373285774825 4.0
3.263603565030284 4.0
3.180448553421742 4.0
1.7268263604559588 1.0
2.1400073615900843 1.0
3.7824965413100657 1.0
6.624633553558516 7.0
6.30456479359144 7.0
6.687180707416721 7.0
5.7113687483210605 5.0
3.014167379175499 5.0
5.847751526073515 5.0
6.032703372194484 6.0
5.79110201136774 6.0
6.050757255256874 6.0
6.026026350452707 6.0
6.105717010547082 6.0
5.545332928576492 6.0
5.126262445900532 6.0
5.898793741439558 6.0
4.769080610759037 6.0
4.876182526104688 6.0
5.2094194965150304 6.0
5.6854879678713095 6.0
5.5326440057359285 7.0
5.4716032354467155 7.0
5.938493692229106 7.0
2.6278645305932438 4.0
4.565150379022019 4.0
5.835480265513008 4.0
3.3100657011024905 4.0
3.0027459008398965 4.0
5.378259064676906 4.0
5.357162256193898 4.0
5.6952078415911265 4.0
4.611942341210748 4.0
5.432907270410402 5.0
3.6852993184571847 5.0
2.0662401665981287 5.0
5.298748092441143 4.0
5.5571637395601226 4.0
3.2092485322470052 4.0
2.8042219024824235 4.0
3.652218879517603 4.0
3.5483344061598316 4.0
2.798802260104636 2.0
5.334052581197476 2.0
2.8255624919662865 2.0
3.2356700396973275 4.0
2.8782012806611634 4.0
3.322775184231619 4.0
2.414039181494821 3.0
2.014800679253224 3.0
2.992168266199135 3.0
4.9739573362086595 4.0
3.666908254105782 4.0
4.1202496282225365 4.0
3.6516554042567995 4.0
3.00701408920308 4.0
3.8412230435053107 4.0
3.5664117805132807 1.0
2.9264296545836643 1.0
2.4245854102636475 1.0
2.6977512546427667 3.0
3.3056813017359445 3.0
0.6551181037826322 3.0
4.074660598871255 5.0
4.96882207830632 5.0
5.144182031536458 5.0
3.6850929665287366 5.0
3.960476262877138 5.0
1.9779698120624085 5.0
5.39673788435562 5.0
6.073400871662269 5.0
6.467011574775782 5.0
2.7585144957805547 4.0
2.5105425486768023 4.0
3.7642535597733775 4.0
4.730549518101073 4.0
3.098961776518711 4.0
3.830044195207529 4.0
3.521667722755034 4.0
2.7966560674691636 4.0
4.659869879011731 4.0
4.844232990168932 6.0
5.021947663570396 6.0
6.131640943085981 6.0
4.965523447580255 3.0
3.2435788518551045 3.0
4.21542935234176 3.0
4.404966683913015 4.0
4.013252811388832 4.0
3.8145220904929382 4.0
1.0132488274400948 1.0
2.3724964732277836 1.0
2.6350923681229155 1.0
2.4654762522437594 3.0
2.442291489462222 3.0
2.8122668308306222 3.0
4.419817249739155 5.0
3.0925642315402286 5.0
4.153679666050649 5.0
1.5945309177756042 0.0
4.224626594630995 0.0
2.2570091617980985 0.0
4.65878489361335 4.0
2.969988865944778 4.0
3.357243866911364 4.0
4.740413831883663 6.0
3.913549949873387 6.0
4.655749734692321 6.0
2.5299818111841823 6.0
5.245053198369606 6.0
4.64464388373289 6.0
3.9429008928486953 3.0
3.326641365678681 3.0
4.579868806656878 3.0
3.9488056404008236 5.0
3.098299849890264 5.0
2.156473101038627 5.0
5.731763232148663 2.0
4.553477408305487 2.0
5.953856030253756 2.0
4.6371855169521 6.0
4.772288193249747 6.0
3.542192386517178 6.0
3.8566155689411556 3.0
4.462822797608232 3.0
4.828583313876971 3.0
5.026168856196288 5.0
5.232599337680085 5.0
4.986877090452765 5.0
1.7803309743458269 1.0
2.632240305533195 1.0
1.3060377560740672 1.0
1.7729487407493865 5.0
4.052340407173981 5.0
4.16611000656826 5.0
4.900310939721428 4.0
4.565907679282639 4.0
3.0708282254056787 4.0
3.1821025011660002 4.0
1.117083169552096 4.0
3.4375488370714335 4.0
3.5924416898129983 6.0
2.04363220016638 6.0
4.546683840351263 6.0
1.6427100767306613 4.0
2.0226498834429756 4.0
3.548525723201752 4.0
3.4948746104616983 5.0
4.6432227463028015 5.0
2.3526369052265887 5.0
4.175627896089357 5.0
4.667186332702231 5.0
4.877902251650519 5.0
2.0278078153281065 2.0
2.4438985515464475 2.0
1.8885455810826695 2.0
3.5810328061184395 4.0
2.7287073889186955 4.0
3.0458046402121286 4.0
2.5618498919100765 3.0
2.0289453284511074 3.0
3.6728434683616986 3.0
4.071275846327215 4.0
4.055747905791321 4.0
2.8443544924203032 4.0
3.945451569539033 4.0
2.9688277723833187 4.0
2.482170817738379 4.0
5.613002397049932 3.0
1.9780790290325394 3.0
2.0823541515485013 3.0
3.8827561589496415 2.0
3.1762336598947356 2.0
2.1932559227218937 2.0
0.9576026570586686 3.0
1.508547858343903 3.0
1.960558211587989 3.0
4.424597470522551 5.0
1.7823337601870273 5.0
3.2274617156951577 5.0
1.2173335427558258 1.0
0.8000185459558187 1.0
0.656015437501161 1.0
5.689595887387908 4.0
5.051508309744386 4.0
4.014321865033499 4.0
3.4413857270714816 5.0
4.331410368415354 5.0
3.3362047520973115 5.0
3.0820226471258136 3.0
2.287055810418425 3.0
2.776913160983662 3.0
2.8657947625983358 3.0
2.056556089701712 3.0
1.6116522330762837 3.0
1.7881236865145143 4.0
2.1101506862637547 4.0
2.103551136694309 4.0
1.7755321563141302 2.0
2.039828924830822 2.0
1.281134702458498 2.0
2.495100479471917 0.0
3.12947292172579 0.0
2.0992917268650304 0.0
2.3236286998423115 3.0
2.2305736718854625 3.0
2.015194778511941 3.0
2.0269623785186264 1.0
2.4390182474868873 1.0
1.200050886749973 1.0
1.5643173085247852 2.0
1.8908303846329335 2.0
1.5658526976969493 2.0
2.7673540661706637 1.0
1.6341703549482052 1.0
1.670901631060528 1.0
4.400883631350481 1.0
2.185368219179731 1.0
0.5896557304587535 1.0
1.7617441384193544 1.0
2.5920781012772647 1.0
3.1958081573069954 1.0