5.722039977919058 4.0
5.222198203215825 4.0
4.255663839990541 4.0
5.619866935474126 4.0
6.04840814410053 4.0
4.355055097477397 4.0
5.98517405444678 2.0
3.317789189303905 2.0
2.6479153971196823 2.0
6.017107875110514 4.0
4.230966556187135 4.0
4.811664420446881 4.0
5.153766286168511 5.0
4.401745458649048 5.0
4.84927162738791 5.0
4.83908476770215 5.0
3.3570736664408334 5.0
5.704373526645711 5.0
3.562685448349478 4.0
4.670582912256744 4.0
3.938374389241557 4.0
5.9355002927652505 5.0
6.524888708810295 5.0
6.015768061032277 5.0
5.581353920246947 5.0
4.151900926559231 5.0
4.082165382724763 5.0
3.4359443744722973 3.0
3.305579507559514 3.0
4.171973784331411 3.0
5.2205508175323665 5.0
5.404379269690342 5.0
2.7863252472995934 5.0
5.091416194144349 3.0
3.7375387700969114 3.0
2.598843170315962 3.0
4.390410363344316 5.0
5.393083272858486 5.0
4.475413062157516 5.0
5.823241795853764 5.0
5.866807449120774 5.0
5.752455066774635 5.0
2.695751104066475 3.0
3.8116869169247773 3.0
3.609373886451798 3.0
4.681695715536952 4.0
4.925211073814623 4.0
4.794480172414643 4.0
3.766343466039098 5.0
3.0863701085853212 5.0
4.408967121099847 5.0
4.359561664538184 3.0
3.888736354488724 3.0
4.118322740098563 3.0
5.229542069330937 5.0
6.114564662625854 5.0
4.994420937766878 5.0
2.111419279714581 4.0
3.1177522449375585 4.0
1.9469990024309962 4.0
5.31077138540831 7.0
4.852553188596793 7.0
6.150039919643563 7.0
4.563741815311631 2.0
6.157209319118411 2.0
3.494796388392246 2.0
5.81808219879074 7.0
5.437175721930189 7.0
4.258050513789446 7.0
3.6359527293187988 4.0
4.855098542150804 4.0
5.622482625908501 4.0
6.058884713232954 5.0
6.130965652927992 5.0
5.434407711004432 5.0
5.701110407448183 6.0
4.6913594115892865 6.0
4.713307854257676 6.0
6.581875122706722 5.0
4.651216585475938 5.0
5.459115315797035 5.0
6.245931002918225 7.0
5.161443431234619 7.0
6.57599344089043 7.0
3.8223075195462015 4.0
4.956240371643548 4.0
5.7359459636052925 4.0
5.29984395828902 5.0
5.664218817988624 5.0
5.787698341403149 5.0
6.224731201602501 4.0
5.762287064423132 4.0
4.750135203023942 4.0
3.794610621774686 4.0
1.1741385545783494 4.0
2.6021453933170684 4.0
4.639899903278383 4.0
4.303142131575962 4.0
5.825118286633774 4.0
4.39775794154695 5.0
5.640212431028978 5.0
5.788461384189281 5.0
5.928387093023259 5.0
5.478142426651958 5.0
2.6050681934402755 5.0
4.6335994590968435 4.0
5.900878470462557 4.0
6.08580686832615 4.0
6.34794443525172 7.0
6.420220655596683 7.0
6.115550248454459 7.0
5.335386276610869 5.0
5.568723332485921 5.0
5.037172183706037 5.0
3.360572984422203 3.0
4.850515577287731 3.0
5.249046070047212 3.0
5.499880945597218 5.0
4.390671978762427 5.0
6.417243481236399 5.0
5.48590949205691 5.0
4.989789531214405 5.0
3.3229690790253743 5.0
4.313546764020024 3.0
1.9716494667692088 3.0
2.917120738162858 3.0
5.991889793529191 5.0
4.3298593102516785 5.0
6.145433297834426 5.0
4.303055805868979 4.0
3.184490595525755 4.0
2.3931740782931024 4.0
5.875914196939319 5.0
4.901556540836565 5.0
3.9864749262046018 5.0
5.986901856926919 5.0
5.678010816219886 5.0
5.640487525391808 5.0
5.8047261408686115 4.0
4.71876803099867 4.0
3.292200323139719 4.0
4.875002686382739 4.0
5.260809610447653 4.0
4.815129182530611 4.0
4.577925829726453 5.0
4.351580085933768 5.0
2.6137905629240272 5.0
4.988213110513319 3.0
3.2034560387713857 3.0
1.9315862279913192 3.0
4.466682521736921 4.0
4.938442420705634 4.0
4.868453541392321 4.0
4.491033400372622 5.0
3.6749520092099393 5.0
4.107870348080365 5.0
4.377128459528435 5.0
5.388714506512993 5.0
4.919649831355098 5.0
5.5429733191499455 6.0
4.767671160858383 6.0
5.700110290496096 6.0
5.064346031902089 4.0
4.1701156841766425 4.0
5.329379192689443 4.0
3.3746358515077346 5.0
4.74676397745087 5.0
5.155513902130828 5.0
5.958482252123977 4.0
5.430473154109136 4.0
6.16433400539212 4.0
2.9440525300684626 2.0
3.517203468537078 2.0
3.2436563177623143 2.0
5.134206484485782 5.0
6.370740723957297 5.0
3.4263539804226966 5.0
2.8013918407504494 2.0
4.787918786509943 2.0
3.0444954729432765 2.0
1.4456121160203999 1.0
3.05047553067111 1.0
2.263268388066188 1.0
4.25915912374595 3.0
3.5513819446177397 3.0
3.971591303521251 3.0
6.1285015289584726 6.0
5.844382561793718 6.0
4.949121081640186 6.0
5.691759328260512 5.0
6.409746938143859 5.0
4.794259215879321 5.0
5.001530663667539 7.0
3.376672473425442 7.0
6.273788088558166 7.0
3.267991862876646 5.0
3.7280091465290304 5.0
4.889243770037372 5.0
5.667246330949084 5.0
4.5237288140838645 5.0
5.1402212422502584 5.0
5.543560110920811 4.0
4.9838154942871675 4.0
5.02270522365807 4.0
4.388409903081267 5.0
2.7636824891829694 5.0
4.708540633933311 5.0
4.400620685533534 4.0
5.298131992017024 4.0
5.57748742190083 4.0
5.48810997848324 5.0
5.4920260018340095 5.0
4.70307678112333 5.0
5.857526564528307 4.0
5.604920213393236 4.0
5.193578316138189 4.0
5.877281718379212 5.0
5.248431324761665 5.0
6.195025018158683 5.0
1.1546901041191064 2.0
3.9060037745045544 2.0
1.3724836037234696 2.0
1.9683675964825118 1.0
3.2743490409669107 1.0
1.4575325422241114 1.0
1.1269614003964348 0.0
1.6270099440309287 0.0
2.1484235391474815 0.0
4.184790331938462 3.0
2.1167584795751933 3.0
2.1107938873031036 3.0
1.6290165828623946 1.0
1.3881963909904589 1.0
1.8964123547608813 1.0
1.8023066295644081 0.0
2.8910323296136986 0.0
2.839938062161478 0.0
2.9609573681202956 5.0
3.8029557061019212 5.0
4.270147540181668 5.0
3.1392110328336926 4.0
4.815567730476735 4.0
2.6704313504362793 4.0
5.293450692082509 5.0
6.1508950230634625 5.0
5.306761463103651 5.0
2.240229397810742 5.0
1.956189551940585 5.0
2.377810395800781 5.0
2.571531457200243 4.0
1.769511392953911 4.0
3.4580121934949206 4.0
3.109761640770982 2.0
3.532513533365796 2.0
2.3623300407068184 2.0
5.029970574285957 3.0
4.2052208647473215 3.0
2.8405914312648988 3.0
2.650105056674376 5.0
3.939057714896373 5.0
3.7688534441825916 5.0
3.7409391103031604 4.0
2.899721224573949 4.0
3.6624007709958537 4.0
5.689956834974635 6.0
5.464710372256723 6.0
3.7633311973829753 6.0
4.003808001035851 4.0
2.831690253156327 4.0
3.3733685009799554 4.0
5.187158837108633 5.0
3.7571060676245 5.0
5.611856510328621 5.0
4.767453643949471 6.0
4.233058430112094 6.0
4.399113453127758 6.0
2.628160923189639 5.0
4.340856732355459 5.0
4.926886698554444 5.0
4.4895876592946315 4.0
3.9832251963149634 4.0
3.1966306518160734 4.0
5.958922369556793 7.0
5.639576581714472 7.0
5.658209201395495 7.0
2.1506441026262255 3.0
2.6053351061004446 3.0
3.748257613219641 3.0
2.876785582912539 1.0
2.844561873209103 1.0
2.6631468069338102 1.0
4.1375578714374655 2.0
3.15769071174255 2.0
2.7818005748734413 2.0
2.6640639720180994 4.0
3.4872619338704207 4.0
3.96887255091629 4.0
2.364553621150425 1.0
3.409571442332265 1.0
0.8620873784726407 1.0
5.08062473828776 3.0
3.6111455790932383 3.0
3.7706447249503334 3.0
3.9157952105852822 5.0
3.4183586756867643 5.0
2.3910269115058655 5.0
5.445926072790143 5.0
5.084267619113162 5.0
3.469567892913087 5.0
3.492626922798547 4.0
4.957839042761713 4.0
4.567785241649448 4.0
4.166253303739934 4.0
4.302114496009756 4.0
3.567949290407526 4.0
3.645191881556004 4.0
4.112780212868441 4.0
2.8793709072925417 4.0
5.101465768137639 5.0
5.125858155167955 5.0
4.420300101660677 5.0
6.329962594895849 4.0
5.099638831661124 4.0
6.137887912840871 4.0
4.998665738425265 4.0
5.691551052305798 4.0
3.062212946107295 4.0
3.832433609002533 5.0
4.558644823463534 5.0
3.3169743671360554 5.0
6.187968650082398 7.0
5.930631179407798 7.0
5.72839001750195 7.0
5.549925501332109 6.0
5.456297550509844 6.0
5.217471506113824 6.0
6.032911181227772 5.0
5.908682478049759 5.0
5.496746471820661 5.0
4.959594453520012 5.0
4.842089291974469 5.0
5.173049737539224 5.0
6.64878912361464 7.0
5.602650163121449 7.0
6.471672057959781 7.0
4.81436898760118 4.0
5.976690657602048 4.0
4.241852401084768 4.0
5.414399516952699 4.0
4.745145960663596 4.0
5.823012800521249 4.0
4.051506516272837 4.0
3.3063564085353874 4.0
3.643741747572835 4.0
2.922724868000426 5.0
3.9884884331304558 5.0
4.124663332994376 5.0
1.162062469792036 1.0
3.941714056371829 1.0
1.8897265387117264 1.0
3.4688100429331237 4.0
2.850455029917622 4.0
4.738506102147702 4.0
3.234944032515224 4.0
3.3734576229064417 4.0
3.8044247301678715 4.0
4.442436928754783 4.0
4.596033314815261 4.0
2.759069125731264 4.0
3.1993775083025278 3.0
2.458548665983284 3.0
3.2347213267367136 3.0
4.544199545792317 5.0
3.32511279841181 5.0
2.744793613752122 5.0
4.595000788645328 5.0
4.5712356046459215 5.0
5.101167927351405 5.0
2.491880637751201 3.0
3.2552525660535703 3.0
2.5792259172883103 3.0
4.200952548624051 5.0
4.020287216945517 5.0
5.12325690174259 5.0
3.6509551211759845 4.0
4.079997699555703 4.0
3.1758071606108267 4.0
5.439567136003598 5.0
2.6299920674235873 5.0
5.026491248115987 5.0
2.9688322921825883 2.0
2.7293949656510725 2.0
4.038771471861201 2.0
2.2838507128570273 4.0
3.9809559623382373 4.0
2.5013205078474785 4.0
5.044405192926351 5.0
3.457941284114245 5.0
3.695137463670322 5.0
1.3228847766182519 2.0
2.637442219943965 2.0
3.6085632008177244 2.0
3.589140096693757 5.0
3.9471883731706274 5.0
2.7320630965920794 5.0
3.5276899256539362 3.0
3.0214657533005367 3.0
3.6194280539224906 3.0
3.0932218438760133 3.0
4.216711227937591 3.0
5.037017527896555 3.0
2.5307776597353224 5.0
3.747200148241138 5.0
3.25294813555666 5.0
2.341817708658518 3.0
2.218923513852292 3.0
3.9547711673556574 3.0
4.757086656843089 5.0
4.216753824353921 5.0
3.978410380374546 5.0
1.935238016069017 3.0
1.269148627019887 3.0
1.710723715814998 3.0
4.7584255789414796 5.0
3.510007541774203 5.0
3.605081310985783 5.0
3.168563173757035 4.0
4.670963701815746 4.0
4.596214376382855 4.0
4.160703607049418 3.0
2.022559294910256 3.0
4.24910053558114 3.0
4.441383114176123 3.0
3.616142720814345 3.0
2.9699410660753287 3.0
3.47626959601771 5.0
2.6425611961691176 5.0
2.8558323978868416 5.0
1.4921597010964958 2.0
1.504112132005816 2.0
3.735242600875408 2.0
2.8579569264382876 4.0
2.320109319561364 4.0
5.670518143314464 4.0
5.494665646431977 5.0
3.4018553290145856 5.0
4.131962665096094 5.0
3.549036502058145 5.0
5.405936533036235 5.0
4.912585064096301 5.0
3.611258716750259 5.0
3.783601698273824 5.0
2.287969293292708 5.0
2.3905496154700026 4.0
3.5034621260845595 4.0
3.766979058024009 4.0
3.7165526178605153 4.0
2.825284281489114 4.0
3.3763853803784403 4.0
2.063379999344529 5.0
4.3896917609449595 5.0
3.918473190673191 5.0
4.924657835554977 5.0
4.036300099111825 5.0
2.508733775290131 5.0
4.196779994765146 4.0
3.9878926805565382 4.0
1.712209524250078 4.0
3.2260188918107335 1.0
1.9155453719768558 1.0
1.7218215414676457 1.0
4.370740317022913 4.0
3.0654583627944074 4.0
2.5712807378436753 4.0
2.603635032977502 2.0
3.6146894693344658 2.0
1.8848037646311202 2.0
3.1377375952198476 4.0
3.4829082715922635 4.0
5.120838540991701 4.0
4.557078810200396 3.0
4.385847331895402 3.0
2.828905330714659 3.0
1.1368365047692897 1.0
1.3755899214993115 1.0
3.111735276140539 1.0
1.2764700426124094 2.0
0.9354361371709905 2.0
1.7860327085792946 2.0
5.076289928529949 4.0
2.3462598099187457 4.0
1.83072637476147 4.0
2.2371806739087434 4.0
3.0209373048812425 4.0
3.7870249306835753 4.0
3.3265631183137856 5.0
3.3161935761360932 5.0
2.7531207018532986 5.0
2.547062906304995 5.0
3.2006851005302575 5.0
4.096087919312513 5.0
3.8944307199395367 6.0
4.391620383467271 6.0
1.7074457292689018 6.0
4.4719825496408445 5.0
3.026669885225507 5.0
3.382828791500119 5.0
3.078931582530085 5.0
4.848468665234389 5.0
4.0387644851467055 5.0
2.1271784116279644 1.0
2.219657326796956 1.0
1.3364869374636434 1.0
3.00993787477809 4.0
2.719182274875547 4.0
2.3102089183307233 4.0
4.630726485898101 6.0
4.430602467172885 6.0
2.9379138343141324 6.0
2.739816569154318 2.0
2.8354274846733047 2.0
2.482969033198385 2.0
4.093054509590421 3.0
2.3078501278714074 3.0
3.0881410776015055 3.0
3.0274894574878823 2.0
3.3436346214940644 2.0
1.7491325830623796 2.0
2.2904633455364785 3.0
3.056752232105478 3.0
2.9207248691720893 3.0
2.440107615511222 5.0
1.8157753928880487 5.0
2.3250677515088047 5.0
2.3126354033737995 3.0
3.026898500349387 3.0
1.5784134699469319 3.0
5.7354285343299605 5.0
5.223228427043153 5.0
5.830216822069716 5.0
2.210380641560193 1.0
2.23662218701498 1.0
2.0426199618999252 1.0
2.4142282157676496 3.0
3.3367401714591898 3.0
4.390128791878792 3.0
2.1352088744449866 3.0
2.2470461768454713 3.0
3.2039456749888187 3.0
3.6041558677711647 1.0
3.7609398400403635 1.0
1.4131334248221352 1.0
2.209435912070243 3.0
3.6550056175530696 3.0
2.0855548021014796 3.0
2.8848670881354264 5.0
1.6689744909607085 5.0
2.8764128374106024 5.0
3.91919059311664 5.0
1.7764748890453341 5.0
3.605461624914002 5.0
1.1237080764566492 1.0
1.3649206766228357 1.0
2.7687997175870063 1.0
1.9297883080939062 0.0
1.8863090370947262 0.0
1.64162310643558 0.0
1.2435690882991974 2.0
1.7216476875313786 2.0
3.1374533392744586 2.0