3.36775917221768 6.0
4.105140424356365 6.0
4.7698502524527235 6.0
6.309056029149377 6.0
3.752440720856531 6.0
4.961682385729946 4.0
3.6542843770005264 4.0
5.783313903506393 4.0
5.612307501934263 4.0
5.447444267258625 4.0
5.163684255102282 5.0
4.042269863325836 5.0
5.524146104304994 5.0
3.568316593821361 5.0
4.44114983643537 5.0
6.191174891789233 6.0
4.690616315450437 6.0
5.9595402039626 6.0
4.070923346749033 6.0
5.735873847854401 6.0
3.3017805832967233 3.0
3.111803150667158 3.0
5.975275025335367 3.0
5.658201146060805 3.0
2.948777723411649 3.0
2.5608388136954785 5.0
5.1889037571787835 5.0
3.953835950227546 5.0
3.41510716701464 5.0
4.249529716222729 5.0
4.318687440431519 4.0
4.023020034573077 4.0
3.848067839085204 4.0
2.1437373462285225 4.0
3.0754985579968896 4.0
2.2890944947342766 1.0
3.284989879205445 1.0
2.284731949540335 1.0
1.4342383152489473 1.0
1.3607439345848935 1.0
2.953555850497562 7.0
5.766891918474773 7.0
5.419951782591104 7.0
4.820295118930641 7.0
6.2788148759050575 7.0
4.964966346040829 5.0
3.39581879996698 5.0
5.004055496747032 5.0
5.2053051405118325 5.0
4.0544184458222405 5.0
4.816434700288118 5.0
3.9717639893828562 5.0
6.050843524940202 5.0
4.642767150675809 5.0
4.973367518425392 5.0
2.8403106548152146 3.0
2.596036216870709 3.0
2.2062506918233655 3.0
2.583565403119966 3.0
2.6216451473786697 3.0
5.121549471572354 4.0
4.8222785267018 4.0
5.915471278407672 4.0
4.035031074163777 4.0
5.6222404809963615 4.0
3.6940019550039316 4.0
5.570848093258519 4.0
6.3360905195619805 4.0
5.9979910873743725 4.0
5.885236619027637 4.0
3.266172826383935 5.0
5.850986017425808 5.0
5.020833601222812 5.0
4.370359216210835 5.0
4.399185993119121 5.0
3.1245226884127977 6.0
4.78008346939897 6.0
4.09714429269879 6.0
5.617177263475269 6.0
5.683168684678877 6.0
3.875357672897731 5.0
3.294145732373644 5.0
2.9762595103573117 5.0
5.048493943736118 5.0
5.5771302294565075 5.0
1.7925205441406022 0.0
2.5826222418945837 5.0
4.109659126173845 5.0
5.996343544940069 5.0
3.6342406348460554 5.0
5.082569347208017 5.0
5.537879764594566 5.0
6.543714666121652 5.0
6.160389830608251 5.0
6.371751395376099 5.0
6.275326526546567 5.0
3.846877098823509 3.0
3.7757645763328638 3.0
3.7626747887364753 3.0
2.81515272187052 3.0
3.2899604919881256 3.0
3.7876344507754856 3.0
3.8480010404224285 3.0
4.312124716025817 3.0
4.633722750219822 3.0
3.807540934200806 3.0
4.84370860492856 3.0
3.926676251843588 3.0
5.542886934268874 3.0
4.462303279449448 3.0
5.500638840285548 3.0
4.4319078359528365 5.0
5.15107614131288 5.0
5.514001645932671 5.0
4.13343326815586 5.0
4.277480285837161 5.0
2.922892455990622 2.0
3.0533683532259106 2.0
2.6556364780684385 2.0
2.636249275109288 2.0
3.555151857636719 2.0
4.235855678703291 4.0
5.220927357034136 4.0
4.558591165868529 4.0
3.8143595562493293 4.0
4.489139045458926 4.0
4.519465690355895 2.0
3.5908784318875173 2.0
3.600162425771466 2.0
3.3172885138281663 2.0
4.789621738870247 2.0
4.664975342395747 3.0
4.257951637609687 3.0
4.250828702212615 3.0
2.8950026773906687 3.0
4.830402209843895 3.0
4.970332847975475 3.0
4.8437622879316615 3.0
5.17829620998594 3.0
5.737913429885523 3.0
5.793274611899916 3.0
3.1219288041538995 7.0
5.430941751749875 7.0
5.106146146379136 7.0
6.305262630826606 7.0
5.029591717894942 7.0
5.509292127287133 6.0
5.0712889742845535 6.0
4.989851990362878 6.0
5.0228564466604 6.0
5.1031178720177195 6.0
3.868950069897802 5.0
5.122132536435818 5.0
4.409603876232397 5.0
4.5770290968652905 5.0
3.009606938050625 5.0
5.783955254749788 6.0
4.606261321190834 6.0
6.448006656034989 6.0
6.2737240761414235 6.0
6.598888639732236 6.0
4.343282627983679 6.0
4.896842616901545 6.0
4.7064924901437815 6.0
4.685473252057994 6.0
5.5087928336079965 6.0
1.653949103479406 5.0
4.594992033777551 5.0
4.770194303007487 5.0
5.487180963526856 5.0
5.134968957328036 5.0
3.6098746553813057 4.0
2.953195310626272 4.0
4.708518233187508 4.0
5.485017504770861 4.0
5.57037066261266 4.0
2.6991159963159808 4.0
5.459779717344657 4.0
5.384158625838763 4.0
1.5476674092715874 4.0
4.36436880358858 4.0
4.184493780492839 4.0
3.7018187045617297 4.0
5.091714063645647 4.0
4.757609286951626 4.0
6.076437968774872 4.0
4.808136017934788 6.0
3.2668418532646855 6.0
5.091254198472544 6.0
5.870166118093659 6.0
5.456052642468887 6.0
2.4272162202398775 2.0
5.582782442376521 2.0
4.252039461310103 2.0
5.001320141644537 2.0
2.3888504549159957 2.0
1.7664660202300337 3.0
4.557678925998038 3.0
4.49840599119388 3.0
3.447580341158166 3.0
4.589820925416853 3.0
2.9705435772943307 3.0
3.738434642297405 3.0
3.9055169318448937 3.0
5.100156500751954 3.0
2.991999078511899 3.0
5.047211725709997 6.0
6.0076525331365636 6.0
5.459708606005627 6.0
5.6424652303481135 6.0
5.872765801177015 6.0
2.19462088358507 3.0
3.5291579215228435 3.0
4.775397624886993 3.0
3.299047762918422 3.0
1.5719502738117852 3.0
3.7525528639866974 2.0
3.715277579966934 2.0
4.291837548979878 2.0
4.2459904144640594 2.0
4.529027498182078 2.0
4.201954658873785 3.0
4.638258378158669 3.0
3.866426186308855 3.0
3.210127418582161 3.0
1.7199720310887479 3.0
3.5913242833246146 5.0
4.832870214065822 5.0
3.438070223661964 5.0
2.0613214112462703 5.0
4.481532043771689 5.0
3.8283059522473515 4.0
5.703666396315903 4.0
5.680383231857256 4.0
3.854167540335404 4.0
2.457436769781918 4.0
3.3602126884446686 3.0
3.0071416220216958 3.0
3.308995903896845 3.0
3.710431373212441 3.0
5.225868774525434 3.0
5.4419787584159245 2.0
5.394257273415086 2.0
3.9642101405186714 2.0
4.641634870859828 2.0
4.852890812457615 2.0
4.807230930596511 4.0
3.664142131866551 4.0
4.7723387355869145 4.0
5.097041822637982 4.0
2.136784379502121 4.0
5.014216974239957 5.0
4.993270005794884 5.0
4.713015548763088 5.0
4.695884054362178 5.0
5.7565774414375 5.0
3.235612350531294 2.0
4.416574309473552 2.0
3.693813883570716 2.0
4.572626477291583 2.0
4.194239522415316 2.0
3.0376465382071194 4.0
5.180942315158016 4.0
3.3069450958219218 4.0
2.3980701111059854 4.0
4.549065305790032 4.0
3.5434991535015214 3.0
3.117006990167175 3.0
5.013950208852523 3.0
6.1869594543824755 3.0
5.036718912395143 3.0
3.505717963084853 5.0
4.228783669026644 5.0
5.4679859349220665 5.0
5.545932186305784 5.0
5.054443375368159 5.0
3.3258175536669534 5.0
4.210244297916248 5.0
5.311032166000287 5.0
4.7312111542935185 5.0
3.122098278550922 5.0
5.273667117957063 6.0
5.58883097553814 6.0
5.391438586728748 6.0
5.531736606848519 6.0
5.725427472775772 6.0
4.138915012325493 2.0
4.618103296238365 2.0
4.8287629546925475 2.0
5.232733269404647 2.0
2.0186417976249493 2.0
1.9240428732821442 2.0
3.032475008864129 2.0
2.838080394714944 2.0
3.009403256272834 2.0
2.9130582374354534 2.0
2.5614933919193104 3.0
2.68646620970247 3.0
3.057167369465751 3.0
3.2172794686170927 3.0
3.0876056384494226 3.0
2.641375829019881 1.0
2.4121256618858693 1.0
2.5519649056745752 1.0
1.9440144389782985 1.0
2.192427272997184 1.0
4.179773752708274 3.0
3.94498944595521 3.0
4.160252919580436 3.0
3.0966791003373313 3.0
3.507121032723584 3.0
2.6155087423455763 0.0
2.7095400196086614 0.0
2.793448371596458 0.0
2.2793921077901107 0.0
2.7052282968265393 0.0
1.4917235179221717 3.0
1.7045393169127954 3.0
2.2783427235825435 3.0
2.015980270527381 3.0
1.2399001368121323 3.0
5.862963079799407 4.0
6.2296477869395765 4.0
5.894837515100085 4.0
4.603038335804878 4.0
5.2229424812943135 4.0
5.243867075603527 6.0
5.755093670809565 6.0
6.53776296331101 6.0
5.674594781246846 6.0
6.26895630787764 6.0
2.2877899233042314 3.0
2.9413235607440984 3.0
3.1637928543320113 3.0
3.333408304351264 3.0
1.2525004951736118 3.0
5.912714588553516 7.0
4.902688107716477 7.0
5.374644593541562 7.0
5.966578169143873 7.0
5.662491973308262 7.0
2.572198809706995 1.0
1.3247462946873676 1.0
0.8383374197614191 1.0
1.3845719960731453 1.0
1.4365950782718557 1.0
1.8598762726399534 1.0
2.5831475404063493 1.0
1.553836295797733 1.0
1.0175006754919518 1.0
1.5325374244184975 1.0
2.9487359664844557 1.0
1.7137325264080208 1.0
0.9893713360800607 1.0
2.101261151386077 1.0
2.970135140736275 1.0
0.10424640136162103 0.0
1.0777219472043815 0.0
0.560927392214523 0.0
0.5301914631198138 0.0
1.1017790761622992 0.0
0.46939633021852817 0.0
1.1595865568482144 0.0
1.2539561525602179 0.0
0.9175522163946227 0.0
1.6820863043116534 0.0
1.292692330918583 3.0
3.022131463474406 3.0
2.0557459631011894 3.0
5.848810285179228 3.0
0.8275040661510862 3.0
4.363377530905248 3.0
3.155113253081376 3.0
3.7734445573195616 3.0
2.9790874089562815 3.0
3.085396098084449 3.0
4.052245881130943 3.0
2.9635210363029736 3.0
4.391905726230488 3.0
4.02395522129274 3.0
3.6900999972094177 3.0
4.355239108319651 3.0
3.019158714715041 3.0
4.272140872915169 3.0
4.560033654074895 3.0
3.503623551274975 3.0
2.173606808865351 4.0
1.6958147576637097 4.0
3.03790696838069 4.0
0.9380860000420803 4.0
2.5639700431399133 4.0
2.5083453997988197 3.0
2.7051070779029156 3.0
1.7497378743666043 3.0
3.744292992275294 3.0
0.9814129596859067 3.0
3.259770447648898 2.0
1.196875802513568 2.0
0.8370664008624489 2.0
2.0734379974153834 2.0
2.071434698210845 2.0
2.6654400438202033 3.0
2.337622006822471 3.0
3.0697384141292794 3.0
3.1471122702690026 3.0
4.0520987477756885 3.0
1.9781006133638979 3.0
3.3135103783545543 3.0
3.2149746686260743 3.0
2.1363159302803805 3.0
1.2353202926087776 3.0
4.045980634053871 4.0
3.095251969989665 4.0
3.3631924680734713 4.0
3.550821151981409 4.0
5.03562638152642 4.0
3.8958119125330737 1.0
3.664201582686327 1.0
3.279528325926312 1.0
2.2407905491079525 1.0
5.2440826927580115 1.0
3.44866708552872 5.0
4.6252946294819575 5.0
6.076882657524512 5.0
5.626792093722512 5.0
6.230428574908219 5.0
3.3659700800260755 3.0
2.968338843360711 3.0
3.5571950789461186 3.0
2.9608818723340042 3.0
4.0923919912257665 3.0
2.7639623275730028 4.0
3.188314648271374 4.0
3.246825180675408 4.0
2.5086296518426994 4.0
3.7158588581186547 4.0
4.983314769815557 6.0
5.331134857371232 6.0
5.473321317547276 6.0
6.601237703940227 6.0
6.139096059478588 6.0
3.9423227799122467 4.0
3.608739347063493 4.0
5.495947294358348 4.0
5.139560860044156 4.0
4.0540972707215674 4.0
3.725794785560377 5.0
4.422701231036743 5.0
4.707465245743121 5.0
3.4079514223612546 5.0
3.7477173103647554 5.0
1.5530551238142134 2.0
2.4716048398186983 2.0
3.1583650508661165 2.0
2.34304437409451 2.0
0.8358127749299286 2.0
3.3821206301473836 4.0
2.1614175632363284 4.0
1.6205836492350638 4.0
1.9547932316834364 4.0
0.5686380185268193 4.0
2.664723085807449 2.0
1.9408800151627255 2.0
1.3697367719448417 2.0
0.970992969805281 2.0
2.7804231541323454 2.0
3.53194445075979 3.0
2.812609985295237 3.0
1.5044695661996565 3.0
2.2086220340873908 3.0
1.8372497639201182 3.0
1.2859573127266894 0.0
2.7609293046259586 0.0
1.7198007625104446 0.0
5.463722927044446 0.0
1.4104005061164941 0.0
2.050228349992115 1.0
1.8003677895363304 1.0
2.873612697728786 1.0
1.7517016760298936 1.0
4.120493488653381 1.0
3.4020678998868794 4.0
4.035240940233112 4.0
3.4017086297861776 4.0
3.9096179804334574 4.0
4.511142255611773 4.0
2.5442944772895806 1.0
1.536593357939122 1.0
1.23129413390073 1.0
1.0113593022354912 1.0
1.442787727700004 1.0
3.2803432690956607 4.0
2.198591856876787 4.0
2.345033911452178 4.0
3.316424834621365 4.0
3.2209791546109297 4.0
4.59436561516889 4.0
3.038077006365307 4.0
3.3066829181796455 4.0
3.6920102962828474 4.0
3.2398675340333165 3.0
3.9686198719684036 3.0
4.113667033364744 3.0
4.731504711405651 3.0
4.823806277284401 3.0
3.064348658096454 0.0
3.4231642470291033 0.0
4.327159532326263 0.0
1.846175888452624 0.0
2.010742790429091 0.0
3.1846160690461054 4.0
4.256945836202158 4.0
4.467235391455313 4.0
3.7649790265529184 4.0
4.4192076856641025 4.0
3.212579428682802 3.0
3.797630297591426 3.0
1.4669594545835136 3.0
4.470593704331522 3.0
4.642301153499068 3.0
3.388889849302174 4.0
3.7351961258230815 4.0
4.279574529837077 4.0
2.719734716439686 4.0
2.2988220300448132 4.0
4.068380194602811 5.0
4.279643944435719 5.0
4.434207029021712 5.0
5.01379503957884 5.0
3.653021645169146 5.0
3.8160053569985495 3.0
4.5804186616158455 3.0
3.462732006736475 3.0
5.12851760323713 3.0
5.005883526310891 3.0
2.650534623303946 2.0
1.2689277417068114 2.0
4.641426268115885 2.0
3.3421987146387178 2.0
1.4081025932059332 2.0
4.489356624903167 3.0
4.500815564461339 3.0
3.7279923333943383 3.0
4.148304365901677 3.0
1.9795127697499777 3.0
5.266370571694619 3.0
4.901356202213921 3.0
4.839163676243696 3.0
4.777380165600622 3.0
5.8088405751195245 3.0
4.39452733313455 2.0
3.7113402719107507 2.0
4.196950368468683 2.0
3.8863208012340595 2.0
4.104784969624556 2.0
2.8366662114389363 3.0
3.6956829374694786 3.0
2.91739820798986 3.0
3.510134041841902 3.0
3.2908221017512735 3.0
4.276159815835598 4.0
3.0921093968690694 4.0
3.27244657626341 4.0
4.947483817041945 4.0
2.345089246034597 4.0
5.141229793837008 7.0
5.787283239686633 7.0
5.95959015213366 7.0
4.567265977211399 7.0
5.095429106651842 7.0
3.962759327387247 7.0
3.0548891334563795 7.0
4.6736930054355605 7.0
4.538984216056734 7.0
5.031352962003158 7.0
3.795636908247866 6.0
6.101711785614933 6.0
6.37392384019772 6.0
6.139759560598164 6.0
5.315170833609856 6.0
3.5409556137386504 5.0
5.143147921181181 5.0
5.15457387706684 5.0
5.688209997748091 5.0
5.544422225321237 5.0
5.78813287596124 6.0
6.439070500580455 6.0
5.527764752716525 6.0
6.308931799226761 6.0
6.724451760876058 6.0
4.075894975887263 2.0
3.8952258860927857 2.0
4.000631297383897 2.0
3.631955636530682 4.0
3.7162291671700793 4.0
3.248536749992835 4.0
4.727368136977364 4.0
3.1577046976964476 4.0
4.110494755606858 5.0
3.536949295022343 5.0
3.8225684610598973 5.0
3.221971394421493 5.0
3.921302228146563 5.0
4.666680861819978 3.0
4.109758176909749 3.0
3.825803511869723 3.0
1.7292592907769466 3.0
3.948540036027538 3.0
4.11689604292869 4.0
4.026603624910666 4.0
5.565733088064807 4.0
5.315841524519144 4.0
5.235414063951693 4.0
3.748336801638024 3.0
2.5143541699514764 3.0
3.9599516333130147 3.0
1.9235444730690758 3.0
3.3792496167632855 3.0
3.6739773421855735 5.0
4.4780401570955375 5.0
4.634783731738915 5.0
5.732513348859238 5.0
4.654412724490976 5.0
3.4817322184641393 4.0
2.5969417257258307 4.0
2.447892169114705 4.0
2.819982079403209 4.0
2.6085218611287564 4.0
3.82804194125538 5.0
4.992947078469042 5.0
5.353827930712229 5.0
5.172162165135561 5.0
4.780020106231723 5.0
3.063632662828891 4.0
3.089818858330152 4.0
2.6712909792607666 4.0
3.170203404847093 4.0
3.741121940052094 4.0
1.8720424769489037 7.0
2.5495801254806714 7.0
5.453282931525123 7.0
5.276424677457882 7.0
4.034665554845596 7.0
3.305666595607193 5.0
4.512899377994799 5.0
2.9591593548849118 5.0
4.538719160261908 5.0
3.355684242044212 5.0
4.126248203583696 6.0
5.811836265650743 6.0
4.949859387512553 6.0
5.849483496475553 6.0
5.687673192605864 6.0
3.228554111365495 3.0
2.0663692140254915 3.0
5.012071965622202 3.0
4.025789928624511 3.0
3.573301497163415 3.0
4.090814048284333 6.0
5.89248364672553 6.0
5.8527968289987555 6.0
5.633579223592115 6.0
5.338402075626651 6.0
3.7281314731212776 4.0
3.884256138610159 4.0
4.2463012131188345 4.0
4.372800491633113 4.0
3.061367959955093 4.0
3.4373378060435207 5.0
3.5971387434242614 5.0
5.1668101877363934 5.0
5.739580545950054 5.0
3.9419206347863125 5.0
2.636250983529603 4.0
3.9278601566381113 4.0
4.531084088005118 4.0
3.136960725662544 4.0
2.571014309312907 4.0
3.1563716360450016 0.0
2.227909185625682 0.0
2.7531355809621227 0.0
2.886113678172243 0.0
2.624357308967401 0.0
3.1935994669767527 2.0
2.4187578642558867 2.0
2.121527682493099 2.0
3.373461550349539 2.0
1.97820906678516 2.0
4.381970338932972 4.0
3.536273118082229 4.0
3.8298659549666305 4.0
3.5790565223805575 4.0
3.7823604034209506 4.0
3.090934966814311 3.0
3.3733731671978346 3.0
3.351935820442 3.0
2.6360604145304585 3.0
2.88541487833545 3.0
3.1761389132656035 3.0
3.120578833158727 3.0
3.6572739741213325 3.0
4.545993490709888 3.0
2.9557758110504486 3.0
3.4890758181596264 3.0
3.6322993509218353 3.0
3.5117108895199984 3.0
2.7592071228978043 3.0
3.3908771320597286 3.0
2.364252182479587 4.0
1.4903243206552408 4.0
2.2867749843853984 4.0
2.904838474133712 4.0
3.6764177816633916 4.0
2.4467348082956395 1.0
2.9556153457559193 1.0
4.3058669664910925 1.0
2.11502966922933 1.0
3.8553162820849467 1.0
4.197655558381659 4.0
2.999452804665292 4.0
3.197121862556899 4.0
3.2875567869087297 4.0
4.105562553660172 4.0
2.791602721564441 3.0
2.031186114318396 3.0
4.541012391287415 3.0
3.3254994673529463 3.0
2.3221477461559354 3.0
4.0352941824213 4.0
3.4176040722135124 4.0
4.194105224360458 4.0
4.742139674945717 4.0
3.3286014429195654 4.0
4.742449801855619 5.0
2.551046949546454 5.0
3.1554873329310316 5.0
4.76229875591955 5.0
3.504776609835977 5.0
3.4053841191516154 3.0
3.1463101524297374 3.0
3.361212482747672 3.0
2.76114084654084 3.0
3.3313467350389314 3.0
2.4630468588927585 5.0
3.0664774486737274 5.0
3.2242133287096117 5.0
2.733846042712523 5.0
3.198504226740138 5.0
2.4948279929031583 1.0
4.003773203153266 1.0
3.066984942421271 1.0
2.5337117914460556 1.0
3.498360447931716 1.0
4.081863881369427 3.0
3.109494525082259 3.0
3.8276044689768667 3.0
4.867525591662226 3.0
4.1835185129782015 3.0
2.0513715195235425 5.0
2.7253641633488974 5.0
1.377304107913218 5.0
2.7976793150245802 5.0
2.8316313090936833 5.0
3.927317388127353 3.0
4.533670712041123 3.0
4.142507138756037 3.0
3.486385992382781 3.0
3.468554375251995 3.0
2.6508566460233487 3.0
2.8510620345392743 3.0
2.1827893767171846 3.0
1.8337896184981795 3.0
2.105252166474563 3.0
3.9767011771219063 6.0
5.0042016275560215 6.0
3.4626847488191173 6.0
4.135044710830258 6.0
3.216926733852169 6.0
3.6647755083865667 5.0
3.3127525088036585 5.0
3.6440436121776467 5.0
3.5401397440594904 5.0
4.426348469313927 5.0
4.782660932166694 3.0
2.717129034580195 3.0
3.30089320957737 3.0
3.8220143232741135 3.0
3.5387712597829255 3.0
4.072667559987528 2.0
4.516571419308182 2.0
3.3779140737457607 2.0
2.8892254125583663 2.0
5.0626490184165105 2.0
2.2910563782546385 4.0
3.3936080149929175 4.0
2.629690342374992 4.0
2.202517220599199 4.0
2.408229087442506 4.0
2.7874799687674576 1.0
2.70899994673098 1.0
2.9625058165295384 1.0
2.0372051236240107 1.0
2.3593701363061483 1.0
2.3554562922350777 3.0
1.677224121000489 3.0
0.6706438216141412 3.0
4.592695820784984 3.0
2.806401057973701 3.0
2.429595126345932 5.0
1.9822827278314892 5.0
3.6899914768720956 5.0
5.285369384672624 5.0
4.332631627493153 5.0
2.774783674077399 2.0
3.554954092208617 2.0
2.7417520671135276 2.0
3.1431283783321664 2.0
3.417517581502405 2.0
1.9574031952950042 1.0
1.5872407572987608 1.0
1.6662709315106021 1.0
1.1886641113635243 1.0
0.01571828380162706 1.0
2.482280598360533 2.0
1.5565327237804676 2.0
1.6633625254329023 2.0
1.0753188359243846 2.0
1.9267292259614328 2.0
0.6848466963107317 2.0
2.063822031727056 2.0
3.3903328910258796 2.0
4.178895625817442 2.0
1.739158633190549 2.0
2.333710650187325 3.0
1.8763279898242597 3.0
2.1651596836823566 3.0
2.1526140017126494 3.0
2.7014223362679908 3.0
3.5581931591636398 6.0
3.3514401925280493 6.0
5.962289862417997 6.0
4.0462573769771035 6.0
4.445301059232849 6.0
1.943782404106282 2.0
1.9620693738519017 2.0
1.538852571723693 2.0
1.6130144138943039 2.0
2.0906294597139077 2.0
2.8650634549248117 3.0
1.2117444610622383 3.0
2.034193127080943 3.0
2.336836074642476 3.0
3.938528783047839 3.0
4.012700074255433 1.0
3.7181616518963856 1.0
4.487982801264332 1.0
3.2335295326478124 1.0
2.4478481425013836 1.0
2.743353478311303 5.0
2.377828858339672 5.0
2.3401834710312173 5.0
3.820532814673336 5.0
2.827191067800183 5.0
1.659320553523628 1.0
2.4837662710706345 1.0
1.7710927103160898 1.0
2.469220801935025 1.0
1.5144280464297133 1.0
2.310049674952383 5.0
2.9927744971702737 5.0
3.536710107466485 5.0
2.8744046687878986 5.0
4.20555517995591 5.0
2.2615889016188464 4.0
2.2245696551345517 4.0
3.133716327783471 4.0
4.259219448101913 4.0
3.866066454519231 4.0
2.757438125260804 5.0
2.542140422250088 5.0
1.3900037915070962 5.0
5.86080000566273 5.0
5.89012310430925 5.0
0.29421739178352163 2.0
2.298096663327608 2.0
1.7607448230702623 2.0
3.0326718456561874 2.0
2.555149177980666 2.0
2.819550181616157 3.0
1.3065095818503987 3.0
1.5758122281598228 3.0
2.4291849404836534 3.0
2.7176772828103917 3.0
4.551153514534741 4.0
4.446061136053285 4.0
3.992662341444148 4.0
3.719202425193664 4.0
4.027748780857997 4.0
2.872584158379028 3.0
3.7563094107066775 3.0
2.6477147600677315 3.0
1.7453135041839591 3.0
3.862861618344665 3.0
0.411728402000937 0.0
0.7555348321278239 0.0
1.1208641508559716 0.0
1.439005812649267 0.0
2.1184929996482174 0.0
2.485724137846133 3.0
1.8709469600635251 3.0
1.5278594128909238 3.0
2.191083989033329 3.0
1.6178816152062843 3.0
2.208023514495575 0.0
1.1267644564960502 0.0
1.8272122946893994 0.0
1.3655315665262302 0.0
0.8847932668651607 0.0
2.896765505927088 1.0
1.0039907404622004 1.0
1.777131479562579 1.0
1.268034181539935 1.0
1.518828763939015 1.0
1.347155335197911 1.0
1.5695967085068183 1.0
0.6752055317147927 1.0
1.911587825753586 1.0
1.47570022191158 1.0
3.0841928707981423 2.0
1.6793559848860824 2.0
2.401541811391622 2.0
2.498660967777557 2.0
3.3281969594279377 2.0
2.775787326842125 4.0
3.2706660919574877 4.0
2.567838415174705 4.0
2.164877896923794 4.0
2.0607451659866616 4.0