4.856806573018488 5.0
4.294245023596862 5.0
4.578112444099272 5.0
5.102282494529426 5.0
4.167139178773542 5.0
3.1936373746220927 5.0
3.7335126711366637 5.0
5.421527590257538 5.0
4.847961940426208 5.0
4.292055739596041 5.0
3.483651619495941 7.0
6.196902013600975 7.0
6.036201874524617 7.0
5.1109438538146925 7.0
5.188915878068778 7.0
5.878385320378082 4.0
6.305957390464715 4.0
3.3658689664532253 4.0
5.40933677590808 4.0
4.948096359544787 4.0
3.1369761504521247 5.0
4.803052994012079 5.0
6.287938112312899 5.0
4.7495748418030805 5.0
5.743840221232376 5.0
5.509543015209836 7.0
5.229682823609596 7.0
6.198929687846914 7.0
5.759277776866573 7.0
5.325687413503657 7.0
5.503689614620564 5.0
4.009794655329945 5.0
4.680418247452618 5.0
4.916710568789524 5.0
2.755984829740405 5.0
2.4782689818163903 5.0
4.698199746342268 5.0
4.680143390722113 5.0
5.988938990081953 5.0
4.854741630123241 5.0
4.830919296431039 4.0
4.15790090623049 4.0
6.118283408666809 4.0
6.083684016395779 4.0
3.4683821537293595 4.0
2.241695993138825 1.0
3.0727318404816275 1.0
2.7363860913883555 1.0
2.05167091525386 1.0
3.2926238265186907 1.0
4.3983798284583075 4.0
2.366796207818682 4.0
5.891720215097523 4.0
5.054058694246238 4.0
5.2218331427982605 4.0
3.5703519872733747 4.0
2.406792097358111 4.0
2.259329171747288 4.0
2.4658794048659938 4.0
1.5388024214300717 4.0
6.010645424486921 5.0
6.459099717127031 5.0
5.983369001196282 5.0
5.426159054711871 5.0
5.32408519512207 5.0
5.555953165675673 7.0
6.3200092188766686 7.0
6.193379732741259 7.0
6.046567156716463 7.0
5.640065227981606 7.0
3.9394276657238434 5.0
5.608026125516134 5.0
6.637209599382898 5.0
6.698808142274596 5.0
5.539885913930567 5.0
4.578578817840704 5.0
5.716865757224228 5.0
5.6523890867213025 5.0
5.527723258619027 5.0
2.6546471962885696 5.0
3.9338501069803815 5.0
5.4246084651125885 5.0
5.992268366709411 5.0
5.897399535509482 5.0
5.404342712344324 5.0
3.8969805962344624 4.0
4.450029558471009 4.0
4.951998226619026 4.0
5.078500172358393 4.0
4.88278569745828 4.0
4.993596057268369 3.0
2.8850927945403844 3.0
2.989399544781676 3.0
3.787235078938667 3.0
3.4365000048212715 3.0
4.914948140833015 5.0
5.340609405920082 5.0
4.032919382627722 5.0
5.624518435381025 5.0
5.187870208242042 5.0
4.4780949901725124 5.0
4.248009472620933 5.0
5.040493554962991 5.0
4.765879545062425 5.0
3.4159323738239 5.0
5.0042849039542086 7.0
5.389376739247448 7.0
6.153446333110687 7.0
6.470879700133234 7.0
6.156554421419081 7.0
4.4749536263792296 5.0
4.680669329202021 5.0
4.988874440983257 5.0
6.255076143465482 5.0
5.682641235875477 5.0
4.004245683743214 3.0
5.012079892927685 3.0
5.817587159275999 3.0
3.6171989026792266 3.0
4.20545291446296 3.0
2.787919561559834 2.0
3.354104051933445 2.0
3.088077323185884 2.0
4.919763298373388 2.0
4.934555468214491 2.0
2.537103363786879 1.0
2.9609462804150852 1.0
3.2877827784596794 1.0
2.619242214589235 1.0
1.5719797926748196 1.0
3.12369025385837 4.0
3.3263097147527128 4.0
5.8031393738185715 4.0
3.8408937559630036 4.0
4.620739145290454 4.0
4.499769258487731 5.0
4.172300619722034 5.0
4.787647489029667 5.0
4.975557633429693 5.0
4.0052616972833475 5.0
4.865480220635025 4.0
5.675062665994176 4.0
5.7413900530253095 4.0
5.3024615380522455 4.0
4.229877900185817 4.0
6.13913542106427 5.0
5.957563316936977 5.0
5.906968364782933 5.0
6.566028428089019 5.0
6.912474590772366 5.0
2.300743449359722 4.0
3.0980434663009273 4.0
4.451894554639032 4.0
2.5577961261706683 4.0
3.6933860056534518 4.0
4.583144604195509 5.0
5.45416135887736 5.0
4.595899895916596 5.0
6.274258172719178 5.0
4.085852365765235 5.0
3.4103366497752323 1.0
2.7726760634842615 1.0
3.551523499350532 1.0
3.3950855476502957 1.0
1.708350689143227 1.0
3.835430553579332 4.0
2.1985945046448983 4.0
3.5648702627489572 4.0
4.943293040764255 4.0
4.014787505219091 4.0
3.704974554106375 3.0
4.11042959350255 3.0
5.266239413825155 3.0
4.955797426557815 3.0
5.339837481619992 3.0
5.205639819076574 5.0
5.7406790351433274 5.0
5.3065644896284025 5.0
5.1855745082484175 5.0
4.844476478590558 5.0
4.504598904369531 3.0
3.590914398917976 3.0
2.598519522325496 3.0
4.2316545925194475 3.0
2.966489702301141 3.0
5.762089716547043 6.0
4.994510197206056 6.0
6.404056047099107 6.0
5.8121302306257 6.0
5.494638833294421 6.0
5.157352054965856 5.0
4.973766999190472 5.0
3.5393119320866813 5.0
4.410404489055634 5.0
5.624463502058222 5.0
3.7386630782251045 3.0
4.222674953991417 3.0
4.928206103215715 3.0
3.8788501475573223 3.0
3.3925008519379456 3.0
4.371259282953273 4.0
5.6298278448984 4.0
5.1840600598808475 4.0
5.861020318392054 4.0
6.252213013119613 4.0
4.3366099343807605 5.0
4.873655414227034 5.0
5.265965497431742 5.0
4.404361795481404 5.0
6.158035587407748 5.0
5.206696327132097 6.0
5.2926214920135894 6.0
5.733455662424463 6.0
4.083156815395838 6.0
5.3177164904709455 6.0
4.673302415645589 6.0
4.6761569655625905 6.0
4.186985063840774 6.0
4.885048262698516 6.0
3.928005346070264 6.0
5.745252339135264 5.0
5.006323387979313 5.0
4.307956313599377 5.0
5.204251285803378 5.0
4.933793239588143 5.0
4.426356975480386 4.0
3.3353000371565584 4.0
3.3503616686877407 4.0
4.382031784103378 4.0
5.186155673027934 4.0
3.357016486298597 0.0
2.8626149651370953 0.0
3.0277942246340053 0.0
2.1946642664501055 0.0
3.1590992678515795 0.0
4.832112347566166 1.0
1.9863010985980671 1.0
4.1281422469214 1.0
4.628808570849001 1.0
1.8240911890295504 1.0
2.747525578695741 5.0
5.523390989252052 5.0
5.19782747755945 5.0
5.350781576038826 5.0
5.313688780881524 5.0
3.5752387355204798 5.0
3.121804182811177 5.0
3.2147920811459 5.0
5.210115731243496 5.0
5.082720634895971 3.0
3.2732117348203285 3.0
4.458022164090714 3.0
2.9301725937386123 3.0
3.3017662112522195 3.0
5.264508303724076 5.0
4.140771919738744 5.0
4.8352276543766095 5.0
4.680008870185248 5.0
3.0903339463956656 5.0
5.0812749000537405 5.0
4.760585704257345 5.0
4.7377977825964255 5.0
5.158590330892789 5.0
5.109646227527881 5.0
5.878520723704942 5.0
4.792452060962457 5.0
4.123729237452861 5.0
5.733960797053821 5.0
5.680236737731538 5.0
4.8947263263514715 5.0
3.4780379446666227 5.0
4.200135776467723 5.0
5.471769487114033 5.0
4.850758658294495 5.0
3.7039469901996904 4.0
2.2738882230800295 4.0
3.6306713084777367 4.0
5.730474177521059 4.0
2.451578504253298 4.0
4.888788654719077 3.0
5.703220858435366 3.0
5.0096474755547575 3.0
4.687345863989933 3.0
4.894629175960391 3.0
4.794669867635267 5.0
5.0507809570477615 5.0
5.404946227551551 5.0
5.253406625424425 5.0
5.451483900025798 5.0
2.7324089345873004 0.0
2.8863186600542146 0.0
1.0883860539143788 0.0
2.1058952300376093 0.0
3.222094104898447 0.0
1.057265139238415 0.0
1.4001653454184917 0.0
0.9527905155063626 0.0
0.669797594582134 0.0
0.8371046277113031 0.0
2.393926171577198 0.0
1.6397017491583075 0.0
2.7572075185316143 0.0
3.9483953254418998 0.0
0.4460130361257435 0.0
3.716603004491861 2.0
1.1561381356487543 2.0
2.625200148627953 2.0
2.438983185665125 2.0
1.4965453829559086 2.0
0.7996409604569593 0.0
1.2175861874210767 0.0
0.8617863131517068 0.0
1.0747218731400325 0.0
2.338786713448208 0.0
1.6673755221295086 0.0
1.5356578934146654 0.0
2.409686403682249 0.0
1.635873292727131 0.0
2.852581965769706 0.0
2.9771462580270898 2.0
4.385527444234117 2.0
3.605134719064188 2.0
2.0954139851908975 2.0
2.24163175987927 2.0
4.342926625662123 5.0
2.0386310809860384 5.0
2.2058644768743148 5.0
4.2276072362143156 5.0
5.612985935631762 5.0
3.240539759514856 2.0
4.55562398632548 2.0
1.9991157254821053 2.0
3.3871645477591685 2.0
2.4331610979198217 2.0
3.812344317824709 5.0
3.628635466320316 5.0
3.8685176904104455 5.0
3.46064468416997 5.0
4.020693423508842 5.0
2.7956237098396537 3.0
2.6817981340427384 3.0
3.621371352011367 3.0
4.343892223199373 3.0
4.8987748553141595 3.0
0.9043145213892946 3.0
3.7252186890789014 3.0
3.9867741964523526 3.0
3.8394745726398303 3.0
3.56071479064439 3.0
2.441239760754666 2.0
3.559946876462995 2.0
3.9129523571540794 2.0
3.4678819690551084 2.0
2.1721590237434554 2.0
4.799678515917554 6.0
4.60766264340722 6.0
4.76342134062607 6.0
6.031424213725495 6.0
5.0883025411278755 6.0
3.511820931712839 5.0
3.8877329612463316 5.0
4.538434514143883 5.0
4.005484046171559 5.0
5.112046262312706 5.0
3.8774415057687683 5.0
3.713908817408145 5.0
4.60562614606677 5.0
4.813816309829024 5.0
4.073174664379939 5.0
3.099642697575409 3.0
2.877137159446005 3.0
3.324965847683803 3.0
4.761563418629836 3.0
2.6863804611235262 3.0
4.65414458432994 5.0
4.598200021097213 5.0
5.943260844970725 5.0
6.370013405060476 5.0
4.825402750337459 5.0
3.0940700887385444 4.0
2.7116487318394102 4.0
4.053329913873015 4.0
2.327442838339733 4.0
3.6727562745324356 4.0
2.819368308468032 2.0
3.576909316227671 2.0
2.7142127487800827 2.0
3.563596959224715 2.0
2.0986926332533167 2.0
4.580712798827338 3.0
3.6516696336513053 3.0
1.921345889077817 3.0
5.225353657190094 3.0
4.759632930856992 3.0
3.5401949032521425 1.0
3.879124874463948 1.0
3.417634369954509 1.0
1.2708866654389372 1.0
1.6155210349869924 1.0
3.216818698715912 3.0
2.183931967889245 3.0
2.627159191503973 3.0
4.004057672419686 3.0
3.2298136776362734 3.0
2.0226695586354895 3.0
2.421747355986898 3.0
2.2872053935809205 3.0
2.220816234303471 3.0
3.4328086416961363 3.0
3.4338330379739173 3.0
1.4153373517457544 3.0
3.691390464573684 3.0
4.301235530480414 3.0
1.571815952786329 3.0
3.3873706338212726 5.0
2.118655201110675 5.0
2.6676384338609074 5.0
3.8206251969159357 5.0
4.225212772662195 5.0
1.657578634184246 1.0
1.4412519255602194 1.0
0.8679743471751251 1.0
0.5703763324787269 1.0
1.5241322644167143 1.0
1.990976427159114 4.0
2.5209731244005704 4.0
2.6759040393105717 4.0
3.2313481841984046 4.0
3.502428091615691 4.0
1.492363112517451 3.0
-0.03858024030117212 3.0
1.3529748125757572 3.0
2.130928136098717 3.0
1.6343660989064175 3.0
3.5186781153484405 5.0
4.069908881164107 5.0
4.41035696249903 5.0
3.935999369928448 5.0
4.225386303824299 5.0
3.5480939092993498 5.0
4.694039838819082 5.0
5.1421623140055885 5.0
5.444847591583597 5.0
4.632055163245613 5.0
4.537691296332065 2.0
3.979700978514344 2.0
4.3774278536131614 2.0
3.377134125650172 2.0
4.511744600579794 4.0
3.6481875268948936 4.0
4.5901109421640625 4.0
4.925731511981098 4.0
3.970559288019144 4.0
4.1897568577354205 3.0
4.85849200200553 3.0
4.269970628628969 3.0
5.8348511022729275 3.0
2.677404800623273 3.0
5.234074028019183 6.0
5.329825947371582 6.0
3.61410262934602 6.0
4.699798020015368 6.0
6.044845196004235 6.0
4.569081910275871 5.0
4.608119550225371 5.0
4.906255110020582 5.0
5.913498954814779 5.0
5.579787174287481 5.0
3.9582597160281967 5.0
5.269224756977689 5.0
5.1654774615453976 5.0
5.7238974584249505 5.0
4.971961132791793 5.0
3.9150740286237826 3.0
3.8979088105207103 3.0
4.03488148435119 3.0
4.850241911519494 3.0
3.917567743623361 3.0
1.5319258454086413 5.0
3.5097398863500793 5.0
3.857103828122077 5.0
2.7877672237003095 5.0
3.132641437492645 5.0
2.691099475261165 4.0
3.3368769215491216 4.0
4.967497703521678 4.0
3.8254697991169677 4.0
3.3892777875661397 4.0
4.106674212922173 3.0
2.981404139040398 3.0
3.6929451137470326 3.0
5.04583936633232 3.0
2.555149595446117 3.0
2.379917449139071 5.0
4.573764822361028 5.0
5.737787754436616 5.0
4.35858038220626 5.0
5.430489046180861 5.0
5.719037310380569 7.0
5.994108535144575 7.0
6.7146948196831335 7.0
6.662395442540632 7.0
6.358079768512559 7.0
4.930795122206197 6.0
5.746162127102523 6.0
5.731389804387182 6.0
5.4373819184224566 6.0
5.703056466929985 6.0
3.3614151300296458 6.0
5.975646604655837 6.0
6.02633809801544 6.0
5.773887565757404 6.0
6.161946035441298 6.0
4.324444141032287 6.0
2.771489704185505 6.0
3.1315788914854648 6.0
4.3857829769045225 6.0
3.332815485763906 6.0
4.478431418059245 5.0
5.496172489265626 5.0
5.140894555268509 5.0
6.419089235716438 5.0
5.676207195297682 5.0
3.8267276171776445 5.0
4.426909951225419 5.0
3.6765802540306654 5.0
5.666676277739484 5.0
4.0108362508638535 5.0
2.8032687353968875 4.0
3.388357726779509 4.0
4.2576596108056215 4.0
4.503758555393613 4.0
3.7691390838825756 4.0
2.1916410402633466 1.0
1.4623439471394157 1.0
1.7146961226442388 1.0
2.9644366714939387 1.0
3.5852996152719183 4.0
3.056482161196018 4.0
4.011339798699998 4.0
2.139365986205936 4.0
3.9902042354378833 4.0
3.450562392139283 1.0
3.81582407245269 1.0
2.66513551621361 1.0
4.230933832068445 1.0
2.8992082736201006 1.0
4.148471337148267 4.0
3.833192243767146 4.0
5.87460293947746 4.0
4.202667377519088 4.0
4.531852579709621 2.0
2.6633422121382 2.0
4.087778925446956 2.0
2.596685270777474 2.0
3.2751491583651178 2.0
4.3668281580274995 4.0
3.972219331724598 4.0
4.726504737008713 4.0
3.1816786728527355 4.0
5.159507803366566 4.0
4.5613319055628185 6.0
4.554672956188352 6.0
5.983936599444269 6.0
3.0839314048054667 6.0
6.220838327821194 6.0
2.9216299756621464 3.0
4.138061401923678 3.0
2.3997950631518785 3.0
5.034059376506049 3.0
3.0430109767804496 3.0
3.049662135152318 4.0
4.0700620598502875 4.0
4.634105792599222 4.0
3.563797349889199 4.0
3.532731152355705 4.0
3.174398207638761 6.0
3.1786611660790807 6.0
4.15517485123683 6.0
3.086486205887795 6.0
5.5990278282637735 6.0
3.159569703462323 4.0
4.45090135018411 4.0
3.6563931507934475 4.0
3.2465783528771985 4.0
3.235056705319601 4.0
2.947393402623648 3.0
3.5825863894908965 3.0
5.07220036388754 3.0
2.637657313648031 3.0
3.072414934343735 3.0
5.723759723588171 6.0
5.578953314043547 6.0
5.536446232741834 6.0
5.527688891537562 6.0
3.5005996651032723 6.0
2.884798924377402 4.0
3.163646205052374 4.0
4.487647224104382 4.0
3.9772243187132656 4.0
3.142227598538712 4.0
5.374557582386091 6.0
5.27032676358216 6.0
5.356140291139752 6.0
6.067392586688205 6.0
5.816936186840222 6.0
6.046205454099068 5.0
5.0981170808725285 5.0
4.934482151322257 5.0
4.558617447488073 5.0
5.000874494175424 5.0
2.5980260055611355 2.0
3.3758945641375173 2.0
2.7643202121420365 2.0
2.7618217000331162 2.0
2.6742464508864705 2.0
3.718618260211287 4.0
2.53191422023902 4.0
4.863427819093557 4.0
4.984641849079129 4.0
4.054134390574828 4.0
4.487072040170552 4.0
4.367691688170283 4.0
4.6125897627234576 4.0
3.62667767983323 4.0
4.602387666947773 4.0
3.074908368807227 4.0
3.247267709245486 4.0
4.125624206456882 4.0
2.1620403353708073 4.0
2.198551871495548 4.0
3.2455718407732803 4.0
3.9345666963609416 4.0
3.6486491053712875 4.0
3.6537281009889058 4.0
1.9053312618286562 4.0
1.6390419925694006 3.0
3.217707315669762 3.0
4.927653736118645 3.0
2.524344759267346 3.0
3.8423286582323746 3.0
3.6245068266509777 5.0
4.167360018585756 5.0
2.8976151433638924 5.0
3.3156231616112524 5.0
2.8751474854416914 5.0
2.6330457512043717 3.0
3.326097412307034 3.0
5.120242564465524 3.0
3.658522342400878 3.0
4.211780082608627 3.0
5.362466585096109 5.0
5.053231502959405 5.0
4.420800695470957 5.0
6.115386794810378 5.0
3.6752946868052567 5.0
4.401662497979949 5.0
2.988469200906113 5.0
6.031809669557068 5.0
4.910808117166349 5.0
2.099754041663069 3.0
3.3182637433453297 3.0
3.446672171146842 3.0
3.866735516032448 3.0
3.0035193405867977 3.0
3.1419264942442533 4.0
3.352862016583142 4.0
4.123185773646983 4.0
4.394851692778565 4.0
3.367256083100155 4.0
2.442874861932457 0.0
1.5836647569393518 0.0
2.8297077141325992 0.0
1.9187769064103888 0.0
2.498512836379337 0.0
3.6691303030347986 3.0
3.5908822061293204 3.0
2.9827155908537057 3.0
4.075466207972599 3.0
4.536878130070927 3.0
4.30677361342674 4.0
4.295001906763203 4.0
3.1855345028229376 4.0
3.337218248251643 4.0
4.87553202838236 4.0
3.7271867386245443 5.0
3.335219343173167 5.0
5.594752271103593 5.0
4.67771774856931 5.0
3.3188412756816246 5.0
2.9758395957660166 3.0
2.5329767301650032 3.0
4.568446394126121 3.0
3.100815549382357 3.0
4.0286694412539985 3.0
2.8846266096020896 1.0
2.8591810144903627 1.0
1.8297528833558507 1.0
3.12334347835546 1.0
2.6830582726648617 1.0
3.071167759033135 4.0
2.8843590866864037 4.0
4.841066376108682 4.0
4.203902654501044 4.0
5.201662977233479 4.0
2.7762078136797976 4.0
3.163261027145829 4.0
3.7569911335981288 4.0
4.347925396415136 4.0
5.01613343761935 4.0
4.319573983963719 3.0
3.7746362240976143 3.0
3.1635305565053993 3.0
4.780438588572806 3.0
3.706342311934675 3.0
3.853109881988195 5.0
2.879285751450691 5.0
1.386584579389604 5.0
3.8671985510346834 5.0
4.019280222496678 5.0
2.6137909780000106 1.0
3.435811764365356 1.0
4.892540335738129 1.0
2.87416907992438 1.0
3.9352329155729566 1.0
3.9989354183538293 4.0
3.0199943423266484 4.0
3.693461399526828 4.0
3.1581443997056606 4.0
3.7448379091237003 4.0
2.875541157013 0.0
2.4173721471714167 0.0
2.6325997213482824 0.0
2.4250949838291462 0.0
2.7124882250398232 4.0
3.0945826119912834 4.0
2.830503650359366 4.0
4.563338075452474 4.0
2.7127500972455523 4.0
3.992274526748255 4.0
3.748095459113383 4.0
3.0609226972177006 4.0
3.876556801301553 4.0
3.629378976091601 4.0
3.4497038882274613 5.0
2.194523466003186 5.0
3.739965374040598 5.0
2.4092559574750942 5.0
3.374685597587994 5.0
3.6019068947611723 4.0
3.8605468098922837 4.0
2.436119189332923 4.0
4.265453315681309 4.0
3.382973363303111 4.0
3.887371960480185 6.0
3.7963708757627517 6.0
2.833081426348774 6.0
5.5132205517646735 6.0
5.407043836457216 6.0
3.5352178537215484 3.0
2.3742140360535684 3.0
2.3624377940305155 3.0
2.363104177622515 3.0
3.245477290221022 3.0
3.3202231227682004 3.0
2.948857011811307 3.0
3.228319970590101 3.0
2.578096657293637 3.0
2.7166477256483406 3.0
2.9627320502060885 2.0
3.0341824117231546 2.0
1.5635058869104181 2.0
3.348524775466119 2.0
3.0456740071486554 2.0
3.509524325474168 2.0
2.7371384344245713 2.0
4.1125796011844615 2.0
2.5094899530277677 2.0
2.294165077712293 2.0
3.5737047832604136 3.0
3.077025831422802 3.0
3.1879046402445073 3.0
2.0095281428930374 3.0
2.369622384593939 3.0
3.693132707637112 5.0
3.679568971135578 5.0
5.32575466169295 5.0
4.9744770123342015 5.0
2.801162579804357 5.0
5.117911481687889 1.0
1.0599057600371333 1.0
1.151957271006869 1.0
2.2630559712391776 1.0
1.9055839878504308 1.0
3.994694740039763 4.0
4.462701299669607 4.0
3.953634527930743 4.0
5.302403360781466 4.0
5.13485553972707 4.0
2.4196068981943855 1.0
2.4835128795278405 1.0
3.387889062420819 1.0
3.3015415641523633 1.0
3.095739754611595 1.0
2.568866856717287 2.0
2.5927000230031663 2.0
1.9340270895029639 2.0
2.1022852024453766 2.0
2.9508557468755794 2.0
2.601312470645251 3.0
2.34107555365253 3.0
2.9447248855327177 3.0
2.2476149251114075 3.0
2.50522649867207 3.0
3.266825315764204 3.0
3.1269551266753353 3.0
1.9625370697528886 3.0
2.552373900924429 3.0
2.326326197736193 3.0
4.198565046417537 2.0
4.395856453691325 2.0
3.952413460149682 2.0
5.186101998223271 2.0
2.0824183265258154 2.0
1.831874495649681 3.0
2.046980666091218 3.0
1.6995880532436274 3.0
2.109186996596153 3.0
2.1672386506501122 3.0
2.247692480685423 1.0
0.5437918141289929 1.0
1.1154120579086262 1.0
1.7868807809983607 1.0
2.3912131788723068 1.0
3.9626832768963083 1.0
2.194149647139675 1.0
1.0074156398559806 1.0
2.3542425838768195 1.0
3.474949918189854 1.0
2.901059906524826 4.0
2.012462570555054 4.0
1.732090962167087 4.0
2.493965605092055 4.0
0.49325039870295956 4.0
3.498483675664444 5.0
3.7016117251112988 5.0
4.817157569953707 5.0
3.3359588731058443 5.0
4.621384340056307 5.0
4.0955471178265785 4.0
4.18291791925314 4.0
5.181725451235907 4.0
3.9539590694589277 4.0
3.9777593981328607 4.0
2.9290913298107624 1.0
1.6026396820804731 1.0
3.0064423081221907 1.0
2.1948446262843913 1.0
2.322409657160655 1.0
3.5030400658062715 3.0
3.101096489969759 3.0
4.196464970932444 3.0
2.8180138878072407 3.0
2.2447191663377106 3.0
2.1466068192662635 3.0
3.50732638809515 3.0
3.319486641898751 3.0
3.540496701046401 3.0
4.728414295794576 3.0
3.001945774856947 4.0
3.514138674066766 4.0
4.706756837779636 4.0
4.077725896321053 4.0
2.872504955012617 4.0
1.3120423995842716 3.0
2.4108808369509065 3.0
4.568250315126618 3.0
3.3319503019286216 3.0
2.917714597554706 3.0
3.1278324394042705 3.0
2.727568227878688 3.0
2.8632072288346353 3.0
2.1875886696288918 3.0
2.2802577341269807 3.0
3.3606032314595793 3.0
2.532386917287315 3.0
3.2622857511404084 3.0
2.548963650242052 3.0
3.123043108563608 3.0
2.125332549557619 0.0
2.391777663519371 0.0
1.4218073592194833 0.0
2.467220995693173 0.0
0.7953780661187043 0.0
3.2324431457583493 1.0
2.013197777661385 1.0
2.4210458063448144 1.0
1.9111757847364026 1.0
3.0804627434934386 1.0
0.3846684423344682 1.0
2.282897959310837 1.0
2.4304978399945587 1.0
2.8686507671750934 1.0
2.910463631420658 1.0
3.6382298632876786 2.0
1.121495847615336 2.0
1.0822776804310743 2.0
3.324447527164478 2.0
1.4354614654218028 2.0
2.6756048238984538 1.0
0.5272973179402958 1.0
2.478934419410385 1.0
2.1150706089455027 1.0
2.1759186200431153 1.0
2.4461526337911086 2.0
2.0807960802144057 2.0
3.7608073644373277 2.0
1.3415000960309587 2.0
1.0233626758969698 2.0
2.0183829856612627 1.0
2.273076665501936 1.0
0.9066275327938197 1.0
2.300466347223612 1.0
1.8790414421889299 1.0
3.5957854568013405 4.0
4.22747574053043 4.0
4.37664755668907 4.0
2.772883714302411 4.0
4.428809733537306 4.0
1.0640147279627685 1.0
2.1048816574092144 1.0
1.3193142279282308 1.0
1.8945024784377102 1.0
2.5521056717135537 1.0
3.0869235259732677 1.0
3.1205627224619295 1.0
2.1676044936581365 1.0
2.968541095748507 1.0
2.6557773397898354 1.0