3.719980716124344 4.0
4.199267862141269 4.0
3.1551047216059467 4.0
4.119388659861924 4.0
2.32066323336869 1.0
2.709216775048985 1.0
3.1705164548924922 4.0
4.339119068866934 4.0
4.099856848287393 4.0
3.882481854799385 4.0
3.6608277986235715 4.0
3.302572144959172 4.0
4.139936673955381 4.0
3.1662251089296443 3.0
2.7367399528965692 3.0
3.805965515824728 3.0
1.7082985225984748 0.0
2.499188864510431 1.0
3.6380606574717773 4.0
2.4181722207550593 4.0
4.263015036928271 4.0
1.8416997622589375 2.0
2.929591560879706 3.0
2.476734374343565 3.0
2.8637790882975254 3.0
2.0448591152102895 0.0
3.0065989732058473 3.0
2.4119727264553394 3.0
2.456968758831223 3.0
3.1077275332544176 2.0
2.564637643292819 1.0
2.7897835699057194 4.0
1.160637220151865 2.0
4.248936535666163 4.0
3.302839613898478 3.0
3.9098937824390085 4.0
2.5561034192308782 3.0
1.229016228425233 1.0
3.7112072414096926 4.0
3.512556555504569 2.0
2.0452139725385496 1.0
3.9120960629943657 4.0
4.282180569813281 4.0
2.735542271440876 4.0
2.2873302784995624 1.0
3.4272728688809972 4.0
2.4992676309313935 1.0
2.640364701329982 3.0
3.521237885641201 4.0
4.387004711878058 4.0
2.065056152505743 0.0
3.697015620387757 4.0
3.643101498351282 4.0
3.8867656304518916 3.0
2.708082761797766 4.0
3.409405642270722 3.0
2.3997006432656094 0.0
3.399674848089338 4.0
2.4831185941231113 4.0
3.0281139327875066 4.0
1.7048728309186414 1.0
3.5584619083126605 4.0
3.920873988278164 4.0
3.2733572786789904 2.0
1.9616579775862872 0.0
3.6977757479576234 4.0
4.243374943083484 4.0
4.1143571941208155 4.0
2.605957023664168 3.0
2.4803402225924125 4.0
2.3596731519537832 4.0
4.108025809971435 3.0
2.145838837228062 0.0
3.190296750890996 4.0
3.9428920104232277 4.0
2.721586507214194 3.0
3.34510688751084 3.0
3.9166208701716267 4.0
1.478220475502087 2.0
2.9387328825696275 3.0
4.107794533142242 4.0
3.598121204162528 4.0
1.3536751572511672 0.0
1.422019033262023 1.0
1.9058349567859545 3.0
2.028893438260795 1.0
1.8844267173627962 2.0
3.991637673760527 4.0
3.639135005792894 4.0
3.2135494632020003 3.0
3.028249353504655 4.0
2.8840770123878596 3.0
2.719954125288521 3.0
2.7654839894377887 4.0
3.2340691768035392 3.0
3.5378119570135387 4.0
3.3561974942788617 3.0
4.022269668446667 4.0
2.5491989675742253 3.0
2.157072988331105 0.0
3.8611245423174814 4.0
3.1030878317837556 3.0
3.2630501461714068 4.0
3.262624374933592 3.0
3.034366829941803 3.0
1.9736202046222933 0.0
3.9423061288966674 4.0
3.904441463713289 4.0
3.9045738772563285 4.0
3.4250234049640143 4.0
3.2683096309281923 4.0
3.617315130595688 4.0
2.74266244218475 3.0
3.4496865681876687 4.0
0.7377272934555044 1.0
2.0114809284788753 0.0
3.8543301850901552 4.0
4.11441101753412 4.0
3.9046302434803484 4.0
2.2464518905950537 0.0
3.1817614365007922 3.0
3.448475992874537 4.0
4.400223894735589 4.0
2.4215561502641436 1.0
3.78995532673649 4.0
3.4773731237244854 4.0
2.9892339292474577 4.0
3.4528698459393463 4.0
2.2897378016110195 3.0
1.6960077589377778 2.0
1.3367133288353816 3.0
2.817145334415859 4.0
3.8589484982300024 4.0
3.5098241132536105 4.0
3.3856732910833407 4.0
2.935778754729206 3.0
3.6855155722053206 4.0
2.763006694361841 2.0
2.5069988265710346 2.0
4.077413643969042 4.0
1.714847345774583 0.0
2.741459362406491 1.0
3.4070021138406843 4.0
2.5898942037926598 3.0
3.4189867898946074 3.0
2.8146538825457355 4.0
4.137433714132166 4.0
3.1407354318721734 4.0
3.110797454629339 3.0
3.519340472074646 4.0
3.083426570573271 2.0
3.075140085070036 3.0
4.288028148955814 4.0
1.5462971075619718 0.0
3.4562808787509387 4.0
2.5728109739048715 4.0
3.926377909016727 4.0
3.9388144412009782 4.0
3.680580642604299 4.0
2.9762605326214797 3.0
2.93314724680105 4.0
3.367790847069379 3.0
3.9837256265055863 4.0
2.475893454704359 1.0
3.439739950376477 4.0
3.467299596617887 4.0
4.055950803800442 4.0
2.699984932422685 2.0
3.5189360326849193 4.0
3.8706248989144982 4.0
2.1226755460229114 1.0
3.221614150885928 2.0
3.7292804063138623 4.0
3.987137712888995 3.0
3.981438300855872 4.0
2.5292084537304667 4.0
2.9423125617157484 2.0
3.62819851650911 4.0
1.3213329559255946 0.0
2.7101806729603193 4.0
3.4678518415595545 3.0
1.4891341214100149 0.0
4.00481666159237 4.0
2.0224282589109115 1.0
3.941493001907436 4.0
3.42461517066442 4.0
1.125706068807593 1.0
1.9104517270479593 1.0
3.2839328662496388 4.0
2.5639163874363313 4.0
4.175177217556252 4.0
4.061593280389259 4.0
2.0388404488328247 0.0
3.811446455365639 4.0
3.2016468956705766 3.0
0.4958212967677933 1.0
2.019874784023725 2.0
4.090567295555804 4.0
3.503660771387309 4.0
3.5085683104832763 4.0
3.2841323091516865 4.0
3.649377928311401 4.0
2.821290352348585 4.0
2.1372532758185394 4.0
2.8366819594784807 3.0
3.2880509374987805 4.0
3.497222247890439 4.0
2.6331214371284504 1.0
3.832711335530932 4.0
1.9823607460838302 3.0
2.717840527109814 3.0
3.3837116641102427 4.0
2.239502317797769 3.0
3.674604395483765 4.0
3.8591144523162675 4.0
3.1627952684202643 4.0
4.177745613554828 4.0
3.058620870861351 3.0
2.1212822985476065 0.0
2.1503234300133762 1.0
3.5527857312601214 3.0
1.4651703627348893 0.0
4.097387644665398 4.0
3.7188555202355054 3.0
-0.7760878801896354 0.0
3.340831027723477 4.0
4.261362302943857 4.0
3.672649047267291 4.0
2.669756003978381 2.0
2.9965431682792167 4.0
0.708121875893363 0.0
3.5133218756016533 4.0
3.460808746602417 0.0
3.6954572522826648 4.0
2.2346398202941384 0.0
2.119730373396092 4.0
2.8367558121003555 4.0
3.4881788707865593 4.0
3.444340613708937 4.0
3.886922594300977 4.0
3.8376745632443883 4.0
3.4542391231074405 4.0
3.7271352551226067 4.0
3.349980509510655 3.0
2.1472532868221266 2.0
3.940379334542602 4.0
3.8687767384253067 4.0
2.197071463187228 3.0
2.7973474148235637 3.0
3.219005316192652 4.0
3.246662484915429 3.0
3.038861573916017 4.0
3.173396635947348 4.0
1.0310871118565172 4.0
3.420783391480271 4.0
1.7972661987792633 1.0
3.4747586606795147 4.0
2.918759047977374 4.0
2.124757358031631 2.0
3.0492850234637543 4.0
-0.1501667990544222 0.0
3.3424512187865365 3.0
3.856323435894001 4.0
3.5287941332706727 4.0
2.353136001042659 0.0
4.152095406598727 4.0
2.826129446411953 4.0
2.8601824327232603 4.0
3.2228422150944396 3.0
3.5891270380221845 4.0
4.379195357640789 4.0
2.674866279149581 3.0
2.896650848317781 4.0
3.976457425880352 4.0
3.727115576160156 4.0
4.011113680268835 4.0
2.040469482636607 1.0
2.5940916999965284 4.0
4.208680782748868 4.0
1.3830238860067676 0.0
3.689511738437677 4.0
2.681398569933204 4.0
1.6084590069541123 0.0
3.4597529076622107 4.0
3.012055475144886 3.0
2.238761785751056 3.0
3.748254968901692 4.0
3.7473400962711163 4.0
4.275847937689555 4.0
3.6937044819884863 4.0
2.3553105316273926 4.0
3.7676128438849212 4.0
3.8613503799928783 4.0
4.177532074231774 4.0
4.094794023240928 4.0
3.3391757187763003 4.0
3.2009669816181705 3.0
4.335370470371057 4.0
2.199071564592224 4.0
3.998287369845761 4.0
3.914868515481736 4.0
3.8847675991548365 4.0
3.1310159371629855 3.0
2.7480669783970675 1.0
3.8513789825610574 4.0
3.282468707096822 4.0
2.7146282403542865 4.0
3.9574194917346763 4.0
3.901567423217339 3.0
2.6897257571571775 0.0
1.3922797876407205 1.0
3.9875405606169836 4.0
3.4759485060677133 4.0
3.475818362307604 4.0
4.229267003858473 4.0
3.491641066530916 3.0
3.5667675605226203 4.0
3.6196082103764184 4.0
1.7847308034752576 0.0
4.032860478022167 4.0
4.017053361987216 4.0
4.220607228224029 4.0
2.2503872357200563 1.0
4.018401172023152 4.0
4.04202905443217 4.0
2.0561491845022135 3.0
4.103788166050554 4.0
3.365519123343464 4.0
3.1796528151382737 3.0
1.6777907022937684 1.0
2.2506021226927584 1.0
2.440145733999677 2.0
3.56543268536481 4.0
3.886452084075675 3.0
3.9044243321090595 4.0
0.5627032881378522 0.0
4.308068050478218 4.0
3.4866560742926374 4.0
1.2634753748977023 0.0
1.830787220786597 3.0
4.18573068633259 4.0
3.6725890552895355 3.0
3.757245969689136 4.0
2.1302958428082137 2.0
4.208874799638062 4.0
2.4016197371509826 1.0
2.5947206161472827 3.0
2.3699839497968864 3.0
3.0353192769026873 3.0
1.5149135143004213 1.0
4.4455635432103975 4.0
2.7590151011754567 4.0
3.618123043680613 4.0
3.157364075002984 4.0
3.1855094823206636 4.0
1.2294683628055352 0.0
4.33645169631607 4.0
2.5457804785171656 1.0
3.3463424350252553 4.0
3.4966547688884577 4.0
3.247374626007858 4.0
3.6450353868696905 3.0
1.644368543588616 2.0
3.954218759645532 4.0
4.4249866660478645 4.0
3.4338400555059168 4.0
3.632857070717512 4.0
4.243551072183243 4.0
3.3035854697422455 4.0
2.7295360439799006 3.0
3.1018056397625737 4.0
2.450551478750047 2.0
3.4503322963333916 3.0
3.401053270794167 4.0
4.183015092429397 3.0
3.174104136559285 4.0
3.904371414714744 4.0
3.7457322694285016 3.0
2.2504466422813576 2.0
3.2432585972028147 4.0
3.6945939994942063 4.0
4.433772713378712 4.0
2.231549554792609 2.0
2.6495214163852725 4.0
3.4598745992847255 4.0
2.762061989978712 3.0
1.2733394371084183 1.0
3.3242940305644653 4.0
3.4298119594183327 4.0
3.687600427692106 4.0
3.3337416022641 3.0
2.2715600279639454 3.0
3.463152489631559 4.0
3.1195836027240262 4.0
2.4161272042465485 4.0
3.4134058232318876 4.0
3.2212866913320988 4.0
2.550787709409645 3.0
3.7545975648618577 4.0
3.805196245825979 4.0
2.883971755115478 3.0
3.2942603906702925 4.0
3.037511516322285 4.0
3.609086198639272 3.0
0.8071928617933319 1.0
1.3258714977838748 3.0
3.109327277470023 2.0
3.1329199760904936 2.0
4.397820799083114 4.0
0.9961612254431764 1.0
3.47446329372244 4.0
3.4277650269821316 4.0
3.081025198907056 3.0
3.9059147408472676 4.0
2.0526245577639592 4.0
3.724323497870556 4.0
2.518375446470531 1.0
3.6609826628892406 4.0
2.654969170475082 0.0
3.9439994020072775 4.0
3.586618894582488 3.0
3.463609832828021 4.0
2.8383583580252663 4.0
2.7414432430573448 2.0
3.9180036447218893 3.0
1.4415399595616147 1.0
1.7260091799677988 0.0
3.1424793851659962 4.0
3.4370827855577795 3.0
0.23071892897485613 0.0
3.436328843588591 4.0
3.336514339487158 4.0
2.9556757545165753 4.0
4.209951105803434 4.0
2.7855573590811713 4.0
0.4722309610516997 0.0
3.847608303490642 4.0
3.9403206512499076 4.0
3.3442674839957367 3.0
2.1970137350143513 1.0
3.8160987034761296 4.0
4.031211615976952 4.0
4.15294033191001 4.0
4.340199999077273 4.0
3.4163456668391023 4.0
2.964373991828404 3.0
1.7508886723860422 3.0
1.9035967886198226 3.0
2.3015685154689396 1.0
3.206262872742862 3.0
4.3136795620798996 4.0
2.9678680167483606 4.0
4.023918616273766 4.0
3.9019415175153296 4.0
3.3313698567506047 3.0
4.08408924959158 4.0
2.6423914351335216 1.0
3.964061212665388 4.0
3.816514731376485 4.0
3.637236897835846 4.0
3.262170655199648 4.0
3.44353942475404 4.0
3.4886169746908346 4.0
1.789020083938515 3.0
3.4532855118086068 3.0
3.3006527667209267 4.0
2.366538773664771 3.0
3.58364738592638 4.0
1.856638503286236 4.0
3.958539804684546 4.0
3.5110278049279775 4.0
3.517572264850173 4.0
3.4355717680074993 4.0
4.442779456891541 4.0
2.468849548896562 3.0
4.127562039077018 4.0
3.329168701984487 4.0
3.3301226298166786 4.0
1.753558942299947 0.0
2.855486882671395 4.0
3.1547342104516525 4.0
2.7540418895603733 3.0
2.376148665897331 2.0
4.185295879499247 4.0
3.8839883753459152 4.0
4.330064418604714 4.0
3.2569613841176612 3.0
3.3371924324585778 4.0
3.12634500073672 4.0
3.3686723871599633 3.0
4.33144835948095 4.0
1.4094921443746742 0.0
3.757215229277563 2.0
2.7353835965887394 0.0
3.836253548025345 4.0
3.8591497633684058 4.0
1.5835721324382646 2.0
2.177046277827985 4.0
3.1531592382232003 3.0
2.794659991391524 1.0
3.8086439194082 4.0
2.454030874266587 4.0
3.6062071200615287 4.0
3.702949563348849 4.0
4.220044278659669 4.0
3.7013080974279835 4.0
3.5806606144949957 4.0
3.660663093428892 3.0
2.8566071677011435 1.0
2.871011108780905 2.0
2.9272686207035927 4.0
2.1616638063992606 2.0
3.6984927959015166 2.0
3.134250917937378 4.0
2.831749846233692 2.0
1.4216987168887378 2.0
4.012618686224874 4.0
3.9016663672295 4.0
3.363418728949806 4.0
2.861509591211775 3.0
3.5738159630637045 3.0
2.503586475076181 3.0
3.4888896045097275 3.0
2.421561756194143 2.0
2.2721566926481835 3.0
4.3041469673003085 4.0
2.5051049068697027 0.0
4.016894521039882 4.0
2.906834489993378 4.0
2.383989792291699 3.0
3.0984370904330913 4.0
4.279969705563165 4.0
2.473233725871371 4.0
2.1562668978069324 1.0
3.5053321781740086 4.0
3.4355456316427326 4.0
1.1671266977178099 4.0
3.9599468149127923 4.0
2.2658091878836832 1.0
3.5268363719563536 3.0
3.24415249361978 4.0
3.9617714206444075 4.0
4.140216988437425 4.0
3.223341143578661 3.0
4.107459209989374 4.0
3.7425034379618745 3.0
4.199053513866586 4.0
3.8698794383114703 4.0
3.0317499195496818 3.0
0.8733089075451415 1.0
4.351401287508825 4.0
4.223485925238048 4.0
2.322271898445637 3.0
3.889031572681828 3.0
4.322116873658178 4.0
2.5847426569619114 2.0
3.296627977204674 4.0
2.4498469343482996 4.0
4.048696024382863 4.0
3.2714133210052556 4.0
1.9987520089959707 2.0
4.170175788920146 4.0
3.9401660358336694 4.0
4.0359331964929375 4.0
3.3418542436972474 4.0
1.4941280173670637 2.0
2.4027710611198 3.0
2.278747824553235 1.0
2.4733131312423695 3.0
3.5534554532455354 4.0
1.8120646480545806 3.0
1.757221003206622 3.0
3.5133528953186004 4.0
1.5584883893994013 0.0
2.4698159193170315 3.0
3.2427695517381996 3.0
1.5615429969920487 1.0
3.453555125643184 4.0
3.7747240313661137 4.0
3.2352793810005545 4.0
4.099081845912211 4.0
2.5011263719080774 3.0
4.337212026101531 4.0
2.255574540936952 3.0
2.6684634335441175 4.0
2.2710746042812686 2.0
3.8079304333179516 4.0
4.258176056336422 4.0
0.2886923933036889 0.0
2.714895702902744 3.0
3.9651217583077956 4.0
2.7802874531714736 3.0
1.8042234803029924 1.0
3.6952105608277876 4.0
1.9030291122315295 1.0
3.4677348549563347 3.0
2.4884405792981403 1.0
3.4976261656792516 4.0
2.055635572683057 1.0
4.432441088893304 4.0
2.5334676712378124 2.0
1.985793975958439 2.0
2.9508192059456966 3.0
3.724427113767351 4.0
3.3422220303002113 3.0
2.4649790144824846 3.0
2.361234794992543 3.0
2.860433556063613 3.0
2.9429349803510285 4.0
2.815898677898733 4.0
1.279287890473109 2.0
3.251029928767466 4.0
2.022799980160356 3.0
4.349880655507668 4.0
3.781101984386076 4.0
2.4754793312522607 3.0
3.6381094302638712 3.0
2.157370839809212 3.0
1.7699696497145712 0.0
3.2061540367492696 4.0
4.030241554073006 4.0
2.6019714256841424 3.0
3.6267314353906985 4.0
1.8657587037062995 2.0
0.01912718019780746 0.0
3.6607553360475387 4.0
3.1002878502699187 3.0
4.3781527158400895 4.0
3.06092192912894 4.0
3.6574176288453963 3.0
2.9333441478838718 3.0
2.741363562529846 1.0
2.0549622669809393 3.0
3.6544009119570044 4.0
3.377944462400579 4.0
1.9214496893622788 1.0
2.234403865812497 3.0
3.831556331901035 4.0
3.23077102550964 3.0
1.8981212901836169 2.0
2.1721086632824247 0.0
3.205693762182334 4.0
3.810913798082917 4.0
3.3155887033138476 4.0
3.407995332935706 4.0
3.477819071531419 4.0
3.9324584276428163 3.0
2.7312984878664817 2.0
4.2190234228938746 4.0
3.2968902640214304 4.0
2.616858475564467 3.0
1.073352680524752 2.0
3.764642698694072 4.0
1.0734055117965897 0.0
4.055430540533955 3.0
4.198980997512752 4.0
4.44098290717656 4.0
2.1446816095118133 1.0
3.7893895699160622 4.0
3.3682738648497303 4.0
3.8674186336747316 4.0
2.707752620988932 4.0
2.2997034433185823 3.0
3.2832806195458777 3.0
1.106092251510109 2.0
4.347597686661272 4.0
2.689921511588459 2.0
4.11807170627482 4.0
4.150321657237187 4.0
3.917357892787743 4.0
2.336209965175081 4.0
2.358485509830824 3.0
4.262458498209835 4.0
3.0108931000329995 1.0
2.3080180708438403 0.0
2.09872819132346 2.0
4.150914853237683 4.0
4.0016431031050885 3.0
2.7018975381333283 4.0
2.1620581050182524 1.0
1.25897827362928 2.0
2.118047493580696 0.0
4.048836965568373 4.0
4.083738776232888 4.0
3.141153125459041 2.0
4.160525400366005 4.0
3.8906781273774276 4.0
3.765579589624394 4.0
3.1329952972245176 4.0
3.942193929351323 4.0
2.9950212336496427 3.0
3.2482963501834967 4.0
3.0736140663552525 4.0
3.3673744238614813 4.0
1.5596800374957942 4.0
3.086232231552636 3.0
4.228662000568557 4.0
2.1787883958608814 3.0
2.8240798816719255 3.0
3.257518686546153 4.0
1.9410552070372704 0.0
2.508865035657705 3.0
2.0660091998947148 2.0
3.329033290675301 3.0
4.4169941073772545 4.0
2.998885566115367 4.0
2.0496872297609583 1.0
4.490575448240806 4.0
3.696295832030487 3.0
2.6677236690470374 4.0
1.948850748650738 0.0
4.344171859930386 4.0
3.975775200694294 4.0
3.3908782316609156 4.0
2.7547802500238725 1.0
3.5308103701465954 4.0
3.16800773874362 4.0
4.274904318007787 4.0
3.473368873006516 3.0
3.068629520103816 3.0
3.2037664492546063 3.0
3.3299443563386437 4.0
4.081172525015525 4.0
2.683297932220088 2.0
1.110506503956398 0.0
3.7741834345578185 4.0
3.4484863460066877 4.0
4.270363484482896 4.0
3.284062950693652 3.0
4.275269021845833 4.0
3.635450303041569 3.0
4.020249647625965 4.0
3.45480276156055 2.0
2.041954346557834 1.0
4.144571308686292 4.0
2.3163492805647263 2.0
2.2175721505401156 0.0
1.804695533723657 3.0
3.569680954613744 4.0
2.9837045162573026 3.0
3.339782245068642 4.0
2.4989955539617985 2.0
1.4113806441706664 0.0
3.8384877704041434 4.0
2.4385782653106154 1.0
4.279898062906442 4.0
2.893284471273915 3.0
0.6647439948262592 2.0
3.5540184855608214 4.0
3.881738910591832 3.0
3.99274569886134 4.0
4.45918702524696 4.0
3.2277228971383773 3.0
2.3275601326092885 4.0
3.198925526027868 4.0
3.0072547151993523 3.0
3.786003565794202 4.0
1.5502436613769155 1.0
2.2371640613020536 2.0
2.9139935372869057 2.0
3.525030126148089 3.0
2.867933607478163 4.0
3.76760911133132 4.0
3.743011998222175 4.0
3.5065236081093665 4.0
2.7173293798326115 0.0
2.3799032596324916 0.0
3.9611160534687566 4.0
2.2373510504919527 0.0
3.6021733623707353 4.0
3.1351929287149987 3.0
4.220894252497702 4.0
4.066855899311307 4.0
3.7112787551177084 3.0
4.390972191517497 4.0
3.9451834512373076 4.0
3.4582432331917077 3.0
3.1575938454455765 4.0
3.4700875825980986 4.0
3.160389372569522 3.0
2.3755639454358097 1.0
2.8339697590327684 4.0
3.6616564893031547 3.0
0.36727683556299207 3.0
3.9349366120672635 4.0
3.073324704470671 4.0
2.703149079526955 2.0
3.247414291996695 4.0
3.747793288896371 4.0
2.526091886376886 1.0
1.6310951961100506 1.0
4.230389615330557 4.0
2.529540711610918 3.0
3.0613941606799178 4.0
3.8686261875910044 4.0
1.6790378010620959 1.0
2.2718481697533766 4.0
2.4854859235841364 4.0
2.5405239386998235 2.0
2.7043402827848317 4.0
2.770031721548355 3.0
2.5607658937814652 2.0
3.0658245369867205 3.0
1.5090714109901318 3.0
3.0267626832010515 3.0
2.0747137861144624 0.0
1.8226115209545832 2.0
3.2773424004944665 4.0
2.5415217929502316 4.0
2.9573268356073625 3.0
4.294665301118117 4.0
1.978402305656128 3.0
3.8477053988296697 4.0
2.2295458576676332 1.0
4.126866720098489 4.0
2.0596751385064453 0.0
2.961709535516833 3.0
2.3671102963366013 1.0
3.4081219858620195 3.0
3.0994268148961654 3.0
2.174094396962333 3.0
3.125903022872197 4.0
1.873709159154219 0.0
1.7315847136960927 1.0
3.1091191001097367 4.0
0.40287451518827533 0.0
2.073685667035871 3.0
3.0103093403614767 4.0
2.2629842023217983 2.0
1.90235612440341 3.0
4.2148679030263185 4.0
4.2391923415542205 4.0
2.364544587022547 0.0
1.5035245346761612 1.0
3.6740983570508035 4.0
3.3845664921069836 4.0
2.9719233048082336 3.0
3.8477653849314426 4.0
4.0499933456685255 4.0
3.690707375251636 4.0
3.3686951180202134 3.0
3.061042432155902 4.0
2.0954340516624326 0.0
4.320037655792165 4.0
3.8972731116360566 4.0
2.393298645507755 3.0
1.676241706974868 1.0
3.4609127011564866 4.0
1.6869675285910364 1.0
4.044385308133563 4.0
4.327862895328863 4.0
1.589080316648983 1.0
2.7911587721078157 2.0
3.5288255813943903 4.0
2.194451182980751 4.0
3.5713073784754283 4.0
2.050145041355078 3.0
3.4087195967546573 3.0
3.497097250202622 4.0
3.9379178061463826 4.0
2.681196791224043 1.0
1.6437459253536892 0.0
3.295390764402352 4.0
2.9043926955444257 3.0
1.439835819475633 1.0
2.702175097400674 4.0
3.7393503225532716 3.0
4.105533665835443 4.0
2.9894463045692725 2.0
2.0919188434099856 0.0
4.21249567058552 4.0
2.054582779206476 3.0
2.861422956739355 4.0
3.125705406330406 4.0
2.1680408131463467 2.0
3.4933860712073987 3.0
3.2191867789518738 4.0
3.954395906608586 4.0
3.580807305520367 4.0
4.189456192348324 4.0
3.6269733402344655 3.0
2.0570618126867557 0.0
3.4403101377178946 4.0
3.326609715401982 4.0
3.385451581886634 3.0
2.0386153810454606 2.0
4.038088590240541 4.0
1.977398814103252 2.0
3.101415258410617 3.0
3.3246236317415048 2.0
2.299212237751824 1.0
3.7415337356039733 4.0
4.102714437266945 3.0
3.9226336814392986 4.0
3.9674222452270604 4.0
3.9565857907940143 3.0
3.4359927399307257 4.0
4.25073984269609 4.0
3.2495761137954013 4.0
3.583820437975356 3.0
3.0909410068529186 4.0
3.7315292799457933 3.0
3.393473333508354 4.0
3.1295315229704195 4.0
2.490618850490901 3.0
2.9717162362397134 4.0
3.195332342995592 4.0
2.2613127244639624 3.0
1.8588963156536598 1.0
-0.0995249134682652 1.0
3.0341493576603873 3.0
2.267018952536986 3.0
4.358521434272893 4.0
3.976636894831724 4.0
2.626855262774734 2.0
4.375689230906099 4.0
3.198997008368701 4.0
3.984502225077342 3.0
2.5439609760159203 1.0
2.990192525208563 2.0
4.018242436844879 4.0
2.19832254936621 2.0
1.8480585001219376 1.0
3.3006710205229504 4.0
4.312080371470611 4.0
1.7443348650342316 1.0
3.214263652319493 3.0
2.2086387809240535 4.0
1.8369600281075247 4.0
2.666230065161861 2.0
3.3032795605603664 3.0
3.0304133589181768 4.0
4.0082226575991555 3.0
2.2754971009508993 0.0
3.8553252013779633 4.0
3.373648764549959 4.0
2.6848650240923138 2.0
3.692896243873015 3.0
3.5170830808058935 4.0
3.889802477405857 4.0
4.561868754062555 4.0
3.2871777836433496 4.0
1.8425999725483568 2.0
1.7229676971593553 1.0
1.148270634265478 1.0
2.270255630055741 4.0
2.309700206040858 2.0
3.0759013614301796 2.0
3.56511072342809 4.0
3.692311189160925 3.0
1.3677352485806007 1.0
2.8170181463792905 3.0
2.6267419331356945 3.0
1.980780848935281 4.0
1.5205753707536567 0.0
3.5198134755733546 4.0
3.965590177107098 4.0
3.6929210471274136 4.0
4.038453157518788 3.0
2.991641786940774 3.0
3.7445963181643687 4.0
0.7052207905851642 1.0
1.1410605019647635 1.0
1.8362069704838122 0.0
2.2298843728965374 0.0
3.7416940804942613 4.0
1.8676998237914173 0.0
3.625419744431104 4.0
3.0823339518176023 2.0
1.6847234879386832 1.0
3.2404097809591446 4.0
4.284695887081368 4.0
2.073315689257298 3.0
2.8298210555419634 4.0
2.1208708829672385 3.0
3.1263990449225596 3.0
2.0683401402355135 1.0
1.9694945336661607 1.0
3.9943702528831806 4.0
3.670991662993687 4.0
1.9315914090456685 1.0
2.8945786389701254 2.0
3.109391197220256 3.0
3.502663783511165 4.0
3.3797145463812277 4.0
1.86882693832094 1.0
3.9270062290351526 4.0
3.5038111940528673 4.0
2.1178894759373805 4.0
2.9024903987849844 2.0
3.6562844942045074 4.0
2.9127909531537717 3.0
3.298763987221047 4.0
2.0184340073562685 4.0
3.2096346068051624 4.0
3.2625018215192285 4.0
4.080380550297926 3.0
4.187196323842434 4.0
3.180293114400985 4.0
3.716561713810408 3.0
2.8947973008543646 4.0
3.5330179074074386 4.0
2.5761269235092557 0.0
3.585399896977092 4.0
1.0344573427242136 1.0
3.868956564481541 4.0
2.8760086704663377 4.0
1.1612082861232063 0.0
3.3672003470055727 3.0
2.8937741261500336 4.0
1.8190903545090342 0.0
1.5418797850367851 1.0
4.26683753479125 4.0
4.075031137895289 4.0
2.4312643814064185 0.0
3.4746466402257306 4.0
3.1042535173886345 3.0
3.2450349945224723 4.0
1.6240998615552376 0.0
3.9950620293429613 4.0
1.44901925354668 2.0
4.324634102881623 4.0
3.5203380702675333 2.0
3.0655254434708676 3.0
2.8146744841093505 4.0
2.972105997038471 3.0
2.9846106694997014 4.0
3.1042528166316568 4.0
3.541872156802024 4.0
2.800712255044043 3.0
3.1466536513971133 3.0
4.422829533920336 4.0
3.703113515746088 4.0
1.7376639918925947 0.0
3.846754546939779 4.0
3.6728082543132605 4.0
3.8653634564205785 4.0
1.3357167774643073 0.0
0.9307511126065289 1.0
3.797261577812501 4.0
3.084177253850053 3.0
3.439562467723619 4.0
3.2875718584944846 4.0
3.33753544981661 4.0
1.1755579899016824 0.0
3.039188811192673 3.0
3.552243762403139 4.0
3.002997816054839 3.0
3.886165508987855 4.0
-0.7926586805129012 0.0
4.3434686645449965 4.0
4.160171554391303 4.0
3.1213103605172656 4.0
2.072920308456092 3.0
3.8030883803884756 3.0
2.517531367554288 2.0
3.186200447103888 3.0
3.368337328463731 3.0
4.0008576181298565 4.0
2.7016676454160637 4.0
3.3305713810357136 4.0
1.4115883765489392 3.0
4.131643365176931 4.0
3.631405318193004 4.0
3.2252823444714207 4.0
3.495506580720925 4.0
4.532238431378939 4.0
2.9062235938678636 3.0
3.5289112048763633 3.0
4.246342060143016 4.0
2.990607382383591 2.0
1.6920543264716175 0.0
2.8852720607157356 4.0
2.285017897697045 1.0
1.7878155255117005 4.0
3.1763426796378886 3.0
4.143077898770278 3.0
2.7526371720516933 2.0
2.759135147020704 1.0
2.6566846562370805 3.0
3.0935143827197824 1.0
2.697607626495286 3.0
2.181905886392548 3.0
3.0902145089026827 2.0
3.873856513849178 4.0
3.950400876319201 4.0
1.8141010956410994 1.0
4.406263852728905 4.0
3.01893046379362 3.0
3.4313735086081496 4.0
3.7229610328509133 4.0
3.9580307489728628 4.0
2.458435127253803 1.0
3.618438221349423 4.0
-0.6206017435576565 0.0
0.9481938747832155 1.0
3.069093067296596 4.0
3.617244436273435 4.0
3.6271229392540483 4.0
3.5022100738850885 3.0
4.005804697168127 4.0
4.2255621788776825 4.0
0.9724299264423473 1.0
3.9206493748008486 4.0
3.490194994292247 4.0
3.2519614796758005 4.0
3.371227386907837 4.0
2.3136589081747387 1.0
4.071389082953635 4.0
3.9031197995034144 4.0
3.9090627197895116 4.0
2.3783265574871817 1.0
3.1839189990621954 3.0
3.002516799256496 3.0
3.669512792104871 4.0
2.350504776795375 0.0
2.8519469363167587 3.0
3.0858425823952254 4.0
4.144511307637469 4.0
3.6581577601440425 4.0
1.2337580224411888 2.0
0.937827462430525 1.0
2.576595718348585 3.0
1.6544713467362406 0.0
3.852469831916847 4.0
3.6473519523082616 4.0
2.7425239528685545 4.0
4.17884577417024 4.0
2.777036087101847 3.0
3.7594974980756786 4.0
3.833615366760316 4.0
2.585282675913015 2.0
3.7506599799704206 4.0
3.9921530296460834 4.0
3.206999941946265 3.0
3.5125385306918457 4.0
2.849174159174351 3.0
2.823998122673187 1.0
1.7933522692297994 3.0
3.0814243139208126 3.0
3.51456177330208 3.0
1.4301942003296824 0.0
2.844824263415368 2.0
3.949947003280433 4.0
4.508395993234473 4.0
2.0551756701296213 3.0
3.9254292730643567 4.0
2.4059347566403626 3.0
3.247015825104565 4.0
4.0894437862348685 4.0
2.839983506786792 4.0
3.705027706545256 4.0
3.2156348220322983 3.0
3.9370714880484976 4.0
3.1943712220980607 3.0
3.877714279186956 4.0
3.61159104896188 3.0
3.633695378347048 4.0
4.036625923639319 4.0
2.690279150320173 3.0
3.9434398702972033 4.0
4.2731034565367025 4.0
4.0750598637430215 4.0
4.184656158420081 3.0
3.6093532126940624 4.0
2.7483953417749434 4.0
3.5282161142420274 2.0
2.0340275030879083 1.0
2.3582440608036124 3.0
3.554176057702987 4.0
3.914309137803175 4.0
2.5604475868705614 1.0
3.8388717461560353 4.0
1.6240144755602022 2.0
0.9102796614874493 2.0
2.82781105113668 4.0
3.5929901175079295 4.0
3.9188722513781538 4.0
0.7644833018887423 0.0
2.3868948146670843 2.0
2.575107137243194 0.0
4.118737300286604 4.0
2.2831366464047247 3.0
2.6259687422086695 4.0
3.1259164523947125 4.0
3.548886933333445 4.0
3.06115719848608 2.0
3.7197760516008676 4.0
3.324569019561564 4.0
3.9322305983400567 4.0
2.848280752669614 3.0
3.436687539982198 4.0
3.805274309231629 4.0
3.022758975243223 3.0
2.1005761460951593 1.0
4.269677924807684 4.0
1.4920548625884202 0.0
3.462196059021647 4.0
1.8306252096828888 1.0
4.032551479929541 4.0
2.796365794296309 3.0
-0.003646038884059788 0.0
2.5672644506017552 4.0
2.462833151708288 4.0
1.4278855984034546 1.0
3.2653093137871942 4.0
1.5172043431964646 0.0
1.7381611272445077 4.0
2.5899645579353794 4.0
3.3679326796600333 4.0
1.0514509954575502 2.0
1.0248691299333474 1.0
2.9923307868069497 4.0
2.2857782640852187 1.0
3.147822983808203 4.0
2.2626224590371042 4.0
1.7816782763533077 2.0
3.517525400420564 4.0