4.259318490571283 5.0
5.221837898272316 5.0
4.868509584798679 5.0
4.8029252597031835 5.0
3.6193988042183056 5.0
5.578293435055198 4.0
3.9844433547693665 4.0
5.1913443738629255 4.0
5.020484230649397 4.0
5.606855684343325 4.0
2.350980300269229 2.0
3.0193085053062756 2.0
4.619292092146064 2.0
5.335901625108978 2.0
3.2068562526110114 2.0
4.386508064766989 5.0
3.651887552050915 5.0
5.1056888931665485 5.0
5.434823536434104 5.0
5.94878527073454 5.0
3.44107854158208 4.0
4.591745153484209 4.0
4.170063792412117 4.0
5.291021143372045 4.0
3.5544743053426022 4.0
3.0155986544698754 5.0
3.0240572092841393 5.0
3.5636536663183556 5.0
3.6807734827058978 5.0
3.0269913787443863 5.0
4.748098348724302 5.0
6.185280317543946 5.0
5.271776006110859 5.0
5.671904367496257 5.0
5.408776023844083 5.0
4.150076565161398 4.0
4.962479886208086 4.0
5.278013816004019 4.0
3.805422576733127 4.0
5.932123234371906 4.0
3.253954262399264 2.0
2.1915686610316065 2.0
2.7473896089693057 2.0
3.9602392834121045 2.0
3.4446859520446234 2.0
3.2135273636566724 6.0
6.520431369616517 6.0
4.051662298902948 6.0
5.81837501570148 6.0
5.947386523415368 6.0
3.7682686568284125 5.0
4.577425173433118 5.0
4.525202693450541 5.0
3.676014870617903 5.0
3.2057349972199387 5.0
4.539068340761616 2.0
3.8982176204406094 2.0
5.430398737307474 2.0
6.009043356693835 2.0
5.943364487842117 2.0
4.1655770764090105 6.0
4.638753296644061 6.0
5.215419454445362 6.0
5.970505152797119 6.0
5.154941457341198 6.0
4.474178948785884 4.0
2.9148435885920394 4.0
2.7664841766498482 4.0
4.041762614169807 4.0
3.44691732969232 4.0
3.473404159292174 3.0
3.735027578506348 3.0
4.467992106864684 3.0
3.494316708050322 3.0
3.035378879095546 3.0
4.896569346137836 5.0
4.024540372171272 5.0
5.725095755924124 5.0
3.6150439517223374 5.0
5.668345530105207 5.0
4.321963989542301 5.0
3.9112900757245055 5.0
3.5512594699628353 5.0
3.101836975959427 5.0
4.79271959612971 5.0
4.887102493610974 5.0
4.718566515392935 5.0
4.144929561639382 5.0
5.1747442012507765 5.0
4.212464763740034 5.0
3.3172801386931687 5.0
4.464133147352146 5.0
2.019408206706284 5.0
1.9663707645807933 5.0
2.559836495288309 5.0
4.1576049738390735 3.0
4.198652700839079 3.0
4.729725660644162 3.0
3.8535707070416523 3.0
3.852790577415441 3.0
5.579774520048085 6.0
6.210087513023138 6.0
6.373848380960888 6.0
5.32826318373458 6.0
4.846898906165049 6.0
2.959077492544011 1.0
2.5549374229888286 1.0
5.82215428148993 1.0
5.410343936561274 1.0
5.8766636223807485 1.0
4.51110258806481 7.0
3.0003933715090967 7.0
5.652644332717935 7.0
2.647448951566651 7.0
5.631792888595149 7.0
2.928580296405185 6.0
4.8303660420238135 6.0
5.062585040382211 6.0
5.857826341341954 6.0
5.514095467550974 6.0
3.7877894835245174 5.0
5.756546192187048 5.0
5.788943601014344 5.0
5.754200992054504 5.0
6.2553697052373485 5.0
4.706472742389023 5.0
6.607199957943368 5.0
5.248327393831491 5.0
5.423585001785709 5.0
3.918291652466051 5.0
4.583873917246643 5.0
5.6351860018024125 5.0
5.26177722000555 5.0
4.955961945710867 5.0
4.485361234276977 5.0
4.364486360383543 3.0
3.5433378985654036 3.0
5.497351055371481 3.0
5.3905792770210805 3.0
5.824409536789235 3.0
4.3719753692633745 6.0
5.039478627978804 6.0
5.535316062050666 6.0
6.354182821781825 6.0
4.577694213393098 6.0
3.728046929834943 5.0
5.878808755699779 5.0
6.0156790000797695 5.0
4.322891126706278 5.0
5.474250769453591 5.0
4.377985204635925 3.0
4.9620037340132885 3.0
3.9453365167896974 3.0
5.515923817909274 3.0
5.244674555112478 3.0
4.31166588496034 5.0
5.154565394954031 5.0
6.279291417124517 5.0
6.321247113788661 5.0
5.322567683106 5.0
3.4697490694819972 4.0
4.4404614712695984 4.0
5.682267908590896 4.0
5.277656914316556 4.0
5.079380111250848 4.0
5.433265051628232 4.0
4.695964339200988 4.0
5.493094789789149 4.0
5.272824886045159 4.0
5.50224833936851 4.0
4.577433158067523 4.0
4.594811895418633 4.0
4.473603172707039 4.0
5.403351306344969 4.0
4.511633017614065 4.0
4.7097388165420435 5.0
4.06371590308039 5.0
5.6425476349933765 5.0
4.381416099213528 5.0
5.558947669047055 5.0
4.512890339934855 7.0
5.783425811439857 7.0
6.093268470635875 7.0
5.912762763348757 7.0
5.707490607880459 7.0
5.683141303098942 5.0
6.010868002318249 5.0
5.737519889961211 5.0
5.948443768598563 5.0
5.590326311229036 5.0
4.841422235284358 5.0
5.209289048327242 5.0
4.843634038668441 5.0
5.068135381388722 5.0
4.944048648059097 5.0
5.606630069163166 5.0
4.786979157623285 5.0
5.190883286280356 5.0
5.589673121615931 5.0
5.370451879085704 5.0
5.015579158325093 6.0
6.4942408230747395 6.0
5.736589433093658 6.0
6.318048491763792 6.0
4.898655996994729 6.0
4.248167865855089 3.0
2.333071649336931 3.0
3.9964047234706923 3.0
4.284530533507759 3.0
3.9387489704924796 3.0
3.9476678395436213 3.0
2.967400159136464 3.0
3.0954296141438418 3.0
2.81635285320615 3.0
1.8523961934397626 3.0
5.152809338916958 6.0
5.336040912594579 6.0
5.586535586018811 6.0
4.973118498137259 6.0
5.341854639607165 6.0
4.829997135140674 5.0
3.7132255637298868 5.0
5.816140395592072 5.0
6.108234733153607 5.0
5.8419316072418095 5.0
5.165310048543523 5.0
4.194759018688455 5.0
5.865611938207416 5.0
4.661175440445011 5.0
2.506139678838322 7.0
4.571683095945137 7.0
4.5271601288271635 7.0
6.115885370552959 7.0
5.78601879970938 7.0
2.3822991931676327 2.0
3.858972791919055 2.0
4.799549590861157 2.0
5.538463913708153 5.0
4.457212559588431 5.0
4.745045764348327 5.0
4.994994692061082 5.0
2.715666780621226 5.0
5.6260691200900474 6.0
5.038163989467097 6.0
6.202639930323969 6.0
5.502343022467622 6.0
5.73993070250258 6.0
4.297305599256576 5.0
5.284992740653431 5.0
5.264345765105057 5.0
3.4331219165849527 5.0
5.10523388773213 5.0
5.656110837565629 4.0
5.403517389621055 4.0
5.3799250346968375 4.0
5.585591923738155 4.0
4.818364796332758 4.0
2.20322477518858 4.0
5.112885581575133 4.0
4.898412299053529 4.0
3.7577875786303125 4.0
5.1845762200491565 4.0
3.654924337657684 3.0
5.154116484569484 3.0
4.775647851712635 3.0
5.486168451983249 3.0
4.990906047954394 7.0
6.755648946461813 7.0
6.533424855224807 7.0
5.8444363882721815 7.0
6.327406115235581 7.0
4.6729375969140285 4.0
4.928188487375232 4.0
4.694384997614801 4.0
4.733960897921684 4.0
4.902156190360666 4.0
2.628194755320219 5.0
4.354610366611384 5.0
3.948058630783189 5.0
5.565258005757551 5.0
3.8284345107961846 5.0
6.073446310093486 6.0
5.61238210827006 6.0
5.971558814944166 6.0
4.832736717440264 6.0
5.484346994735566 6.0
1.6826491290503056 4.0
4.27822382323133 4.0
4.613701076974963 4.0
2.653458749715233 4.0
5.052174378983457 4.0
3.934522986878153 4.0
4.019950507596931 4.0
2.7638354294546836 4.0
3.884650862663011 4.0
4.542028799400753 4.0
3.8624424361296867 5.0
3.611666880619811 5.0
4.004647838010319 5.0
3.6789416347478667 5.0
3.7625177907450182 5.0
4.0158851290172 3.0
2.1287652344377435 3.0
2.6687996317210696 3.0
4.9605690167910685 3.0
4.584103800300572 3.0
2.5382266628742123 5.0
4.479715473220832 5.0
4.347644499570605 5.0
5.501406998565729 5.0
4.152230718762819 5.0
4.6208724802725625 1.0
3.7273812953114267 1.0
4.14545615109293 1.0
2.537717762211564 1.0
3.545859699607589 1.0
2.0466840048154538 0.0
3.591509604174863 0.0
3.3435123479709565 0.0
1.989339764971168 0.0
2.452944091171081 0.0
5.898411732351126 5.0
5.5993651016826975 5.0
6.112135944447959 5.0
5.335398904811227 5.0
4.126427971249317 5.0
3.093737061409825 1.0
1.8047960012218813 1.0
2.7604157837623164 1.0
1.1073838599905261 1.0
1.7316549917936785 1.0
3.1688785392755965 3.0
0.509015088820052 3.0
2.025114706748703 3.0
0.716747810378356 3.0
1.983892623263425 3.0
4.787596970552382 5.0
2.8497933575196726 5.0
5.166175171181135 5.0
3.255018926408048 5.0
2.9386234547496244 5.0
4.622370654620936 5.0
4.056540117859657 5.0
3.800907477805578 5.0
6.154894308963179 5.0
4.039055337260323 5.0
4.692124849519559 4.0
3.123965789244599 4.0
5.6047901674171445 4.0
2.222068942425282 4.0
3.7129256724671524 4.0
0.3056701723805035 0.0
1.5745051573649629 0.0
0.6920899168916042 0.0
0.3922146355235115 0.0
0.6332701777433968 0.0
2.3439358715716376 0.0
2.2501656713743774 0.0
1.3904078510617504 0.0
1.666562965442352 0.0
2.4623204460184875 0.0
1.7114007003899714 2.0
2.1449147795453825 2.0
2.576691930598087 2.0
1.3435884768585185 2.0
2.7953973588921395 2.0
2.986191437224215 4.0
2.068425249301167 4.0
1.6215095407048559 4.0
1.4156933583620745 4.0
3.0930613219750147 4.0
2.2956997259783978 0.0
3.1591868622286845 0.0
2.5808176431380008 0.0
3.949972607087618 0.0
3.401808020354825 0.0
2.958341392585272 3.0
2.9595528583020876 3.0
3.022834617885552 3.0
2.2518947626253634 3.0
2.5619544542142547 3.0
4.305787695530879 4.0
4.915240827301084 4.0
5.742000295632196 4.0
4.230598822385429 4.0
5.747645668397158 4.0
4.0817894928447735 4.0
4.260810719103032 4.0
5.383861811363408 4.0
4.502760309773441 4.0
3.1394129839244864 4.0
2.5034089925231164 5.0
2.194876040130548 5.0
5.1400981555975065 5.0
6.440909434176127 5.0
5.4621669302354 5.0
3.428478836791263 3.0
4.436826943967599 3.0
3.374436150212761 3.0
3.2434598334207085 3.0
3.6515727161696176 3.0
2.777153783325064 3.0
3.31880276831138 3.0
4.259300668345696 3.0
2.9670009629675405 3.0
3.5507070093997544 3.0
4.799134361186849 4.0
3.795283828490516 4.0
3.866680736142866 4.0
5.207192799856405 4.0
5.523002695151612 4.0
3.4820132018950694 2.0
4.63032008674911 2.0
2.3022144655014602 2.0
2.418371101104095 2.0
2.555310808267305 2.0
3.8913173756863118 4.0
3.2530314394378106 4.0
3.3631210437135737 4.0
1.979080257241876 4.0
3.8293571815129064 4.0
3.2286329856341225 2.0
4.342319396705341 2.0
3.3675787939047592 2.0
3.186600538247244 2.0
5.780212351712476 2.0
4.397049299115087 7.0
3.56061507851696 7.0
5.6401338258504845 7.0
5.881450343731633 7.0
4.4020945442803985 7.0
3.1189634514628866 5.0
4.53159270587158 5.0
4.110194185633904 5.0
5.247174895152582 5.0
4.107613515811976 5.0
4.573439610923117 1.0
4.462295914422966 1.0
3.2390193267865954 1.0
5.520009615520939 1.0
3.9367154755830045 1.0
2.218582111722364 3.0
3.722213131174829 3.0
2.801604765715935 3.0
3.6778630049731356 3.0
2.4375544779862266 3.0
3.736348354406176 5.0
5.632085099038969 5.0
4.019491643503897 5.0
5.050030964313544 5.0
5.181437139584025 5.0
4.235720720018784 4.0
5.193865954267232 4.0
5.504044085968831 4.0
5.836094956777787 4.0
3.750043954649016 4.0
4.030232126811638 4.0
3.1618635371739967 4.0
4.918152578766654 4.0
4.840399812972684 4.0
5.7273629805487465 4.0
4.15086545302178 2.0
4.0040601690439495 2.0
4.319503529236414 2.0
4.063437048203588 2.0
2.0723360453172237 2.0
3.832570520157617 2.0
1.6211205270269775 2.0
4.900214753430676 2.0
3.971804738202843 2.0
2.182097185528831 2.0
1.7414279688573315 0.0
3.252384798383662 0.0
1.8727642097131305 0.0
2.6406591874787013 0.0
3.594838326222912 0.0
2.3765935526638526 3.0
4.04351294965796 3.0
2.0221289492525556 3.0
2.1942920755557562 3.0
1.721605382460504 3.0
2.150457085500654 1.0
1.4076354293958337 1.0
0.5901310202492968 1.0
1.9441789879911473 1.0
0.9191530176974936 1.0
1.5547463821426346 0.0
2.5485466650255306 0.0
1.6250750078762062 0.0
1.401820684925787 0.0
2.936318743047398 0.0
1.1207602863759774 0.0
0.7680487857859679 0.0
2.4557058944508485 0.0
3.6790526406398016 0.0
0.7116513630256336 0.0
1.8440429546771828 4.0
4.114190485574145 4.0
4.575789098454643 4.0
4.787535328265146 4.0
4.745949499949566 4.0
2.4299810781135878 5.0
4.202454193907261 5.0
4.645252122295641 5.0
5.2056522135414145 5.0
3.0834117155560126 5.0
3.9694276154036063 4.0
1.662178055599769 4.0
3.6477190763413905 4.0
2.9122542044520032 4.0
2.5490450495914385 4.0
3.0414822899980174 5.0
4.538921434156091 5.0
4.45170078588707 5.0
5.178096965715448 5.0
3.903853440730026 5.0
4.08943243770845 4.0
4.218496334712928 4.0
4.988131951822869 4.0
4.765865831177119 4.0
3.479177343373654 4.0
3.575966821233703 5.0
4.570876567686789 5.0
5.736030820176579 5.0
3.309492694981896 5.0
5.223239048280536 5.0
3.634527361977418 1.0
2.467836098728997 1.0
2.7737992093246624 1.0
1.2616057818901154 1.0
1.8982649254784962 1.0
3.7902905933132978 3.0
4.569747137192137 3.0
2.1197305668287854 3.0
4.679973499652047 3.0
4.2227455573983566 3.0
4.438072507703919 1.0
3.1859386682243174 1.0
4.828493498469195 1.0
2.2699998556717147 1.0
4.006242083466755 1.0
5.133911634558803 3.0
4.150301756582979 3.0
2.540658762736535 3.0
3.133409575225496 3.0
3.3239975533888098 3.0
4.038975827246995 5.0
4.5459760924907044 5.0
4.519401912689674 5.0
3.4746997111048183 5.0
2.9612897315297326 5.0
3.8655455259801306 3.0
4.40925778942545 3.0
4.062326713493126 3.0
4.424496842959913 3.0
4.349020224172845 3.0
4.0127445708111384 3.0
4.15081660835902 3.0
4.362095652620345 3.0
5.106271931847251 3.0
4.440344678581443 3.0
2.9848888043276958 2.0
3.8063806023811937 2.0
2.3053316858708226 2.0
3.873571379568133 2.0
3.5421118978591624 4.0
2.278580912889579 4.0
4.140090255016134 4.0
3.930187249765632 4.0
4.622168756277953 4.0
3.854525946472176 7.0
5.949170150870879 7.0
6.284842329839583 7.0
5.984343973254527 7.0
5.823513229001419 7.0
2.6042881624632446 6.0
5.4105586615782055 6.0
5.379440128674449 6.0
5.942612037815952 6.0
5.026679360989035 6.0
5.7037239167995315 5.0
4.4849279992129 5.0
5.3722811161395905 5.0
4.516847901410689 5.0
5.390260105073749 5.0
3.958587825359983 4.0
4.551329884104409 4.0
5.759560226750105 4.0
4.81845558392135 4.0
2.5006222836026333 4.0
4.672562653074347 6.0
4.9860730314958515 6.0
6.16135809354854 6.0
5.056014964758101 6.0
5.084346712006792 6.0
1.5269249448735553 1.0
1.7021471361993075 1.0
1.9869681675103315 1.0
3.2642681581736985 1.0
1.7755142571860298 1.0
3.7064652328159546 3.0
2.662117591450098 3.0
3.1841356192638584 3.0
2.658660985436724 3.0
4.8666934393212085 3.0
4.678360960322299 5.0
3.9744643239920388 5.0
4.210546154270839 5.0
5.072602509514875 5.0
3.6564045926272053 5.0
3.6095933902189503 2.0
2.140054131098239 2.0
2.230445367863968 2.0
2.814057880834449 2.0
3.46945892007644 2.0
2.9087090604568644 3.0
2.8946188648052606 3.0
1.748974512559848 3.0
2.7323145157685094 3.0
1.8337665770359182 3.0
5.039808863286282 4.0
4.140325104828903 4.0
3.5451715493357208 4.0
3.3149746322401112 4.0
3.323304732964986 4.0
3.8002101594955264 4.0
3.2734086406889764 4.0
3.4246561378552087 4.0
2.664351532923523 4.0
4.324051291741547 4.0
4.23514080660192 4.0
2.660531377688025 4.0
3.8829526377314245 4.0
4.480551553661578 4.0
2.780349974719409 4.0
2.34785585664907 5.0
4.303928867365437 5.0
3.6473267730375776 5.0
4.817273120727326 5.0
2.9313170092765493 5.0
4.358433955104068 5.0
3.8534788223127525 5.0
3.686093876782819 5.0
3.851068623042592 5.0
4.197223911157444 5.0
3.280050797328698 4.0
1.2353392099969027 4.0
1.9274283858407488 4.0
3.074902970028103 4.0
2.0749973828714596 4.0
3.804475604698029 4.0
4.623595819125541 4.0
4.6523535867645265 4.0
5.317314039137856 4.0
4.418994433587848 4.0
2.375357995481144 4.0
3.253185902967648 4.0
3.95332625178436 4.0
3.8533177257220137 4.0
4.406107054208053 3.0
4.475712423559177 3.0
1.2564724220707535 3.0
2.207952548378472 3.0
3.20566221791407 3.0
3.4090391868057885 4.0
2.514701895617933 4.0
2.8485473409979107 4.0
3.925421316211553 4.0
3.3115965710143462 4.0
2.5916957727544983 1.0
3.561918076134944 1.0
4.022530022302518 1.0
2.6330581855067656 1.0
2.9568359942466613 1.0
3.492101602677266 0.0
2.3386567716137736 0.0
2.878901292888355 0.0
3.8377822379977746 0.0
3.5688792128078735 0.0
3.9094196585502052 5.0
5.051092373946625 5.0
4.279817098677693 5.0
5.224138552844969 5.0
2.7050132467334627 5.0
3.154717076730107 3.0
1.5827118090979577 3.0
4.094841854619118 3.0
4.1375832717320415 3.0
4.4905960855003455 3.0
3.864902227654329 4.0
4.562606960294467 4.0
5.161180662785572 4.0
5.034596515815533 4.0
5.023418722797363 4.0
3.3404785299201816 2.0
3.1342620156559855 2.0
5.059878380376834 2.0
2.485162104661977 2.0
4.643371540829115 2.0
4.155743257253199 4.0
2.7577773143483113 4.0
4.079163082351725 4.0
2.2718240686519415 4.0
2.2567939230233085 4.0
3.834286408597279 5.0
4.103572010854282 5.0
2.2772744851118327 5.0
5.136859034243037 5.0
4.527731972687052 5.0
4.884736464374742 4.0
3.7856700826640375 4.0
3.999784737409665 4.0
3.6567289580339777 4.0
3.7208819198067875 4.0
3.7357797475112426 3.0
3.2003588629944884 3.0
2.923309412336538 3.0
4.578433411591106 3.0
5.48813370664502 3.0
3.3447396855306644 5.0
2.7667791971935114 5.0
3.52984282066261 5.0
3.838541004575408 5.0
3.9620171558775024 5.0
3.7965607901830745 3.0
3.8179387227593224 3.0
4.57378929131693 3.0
4.285165419990802 3.0
2.9862851177869127 3.0
2.323250863365816 3.0
2.3414360296812764 3.0
2.410763367524363 3.0
2.2615058111439024 3.0
2.345878477153813 3.0
3.3663184215744546 3.0
3.920030487084899 3.0
4.184658005779164 3.0
3.3236514894886806 3.0
2.415010193061388 3.0
2.8317845963483133 5.0
4.738700798354617 5.0
5.867036059701392 5.0
4.692074693403505 5.0
3.99259954684979 5.0
4.698042986214106 5.0
4.38037918390594 5.0
5.622633426768785 5.0
3.4844508513176766 5.0
5.742250240692909 5.0
3.9750155686058686 3.0
2.033877421464151 3.0
2.282299356803622 3.0
3.1215038697740742 3.0
1.2018706551730296 3.0
3.781496496408391 4.0
3.965274559508986 4.0
3.9930031910133916 4.0
4.4835597231915125 4.0
3.6069172082836647 4.0
4.686435114216585 6.0
3.1588900255275614 6.0
2.5934159862965958 6.0
3.209961514574202 6.0
1.6077342635856133 6.0
3.8129767205594334 2.0
2.312086841012687 2.0
2.5590197177142016 2.0
2.654772779135146 2.0
1.7440531807363329 2.0
2.4640676704921916 4.0
3.150262138051477 4.0
3.7230083369321854 4.0
2.9968728152599735 4.0
3.6708178936587172 4.0
2.404321695628158 3.0
3.201007858222329 3.0
2.391354720707367 3.0
3.6659633206523163 3.0
4.450605785480952 3.0
3.3643726885306924 4.0
2.4108753150911038 4.0
3.682398983836498 4.0
4.060994222591912 4.0
4.79037373160992 4.0
3.595083794362285 5.0
2.9301382045213042 5.0
1.9385043539939322 5.0
2.761434631165902 5.0
4.743121062412717 5.0
3.9422192936384 2.0
3.9987190657155214 2.0
1.4134652787885378 2.0
1.4323771787273085 2.0
3.136261479840997 2.0
4.031254934854922 4.0
3.7351252131290096 4.0
5.25798970827669 4.0
5.469427817947234 4.0
4.222236512361954 4.0
2.6606794657879465 3.0
2.305266902889599 3.0
3.5296937001260122 3.0
1.3809016304526178 3.0
1.9967515943623584 3.0
2.852763671457477 3.0
2.3269711203501147 3.0
4.689275921662508 3.0
2.265503956170822 3.0
2.416182068310482 3.0
2.580209278893332 3.0
2.5960043291984034 3.0
3.019361499338725 3.0
3.891817981308013 3.0
3.2580574392134354 3.0
3.3783194059537323 2.0
1.1844597571847018 2.0
1.7567938900452738 2.0
2.472152865937903 2.0
1.2142467313691985 2.0
3.118647440999876 2.0
2.078764760212581 2.0
1.7203530080230345 2.0
1.5945988575093013 2.0
3.1020976434483445 2.0
3.5019079676916403 3.0
3.1559999069620046 3.0
2.850069084991109 3.0
4.2511866595401715 3.0
3.029195226948512 3.0
3.4214937835888404 5.0
2.5786611107475186 5.0
3.302258971655388 5.0
3.210723657152294 5.0
4.094041890303564 5.0
3.4683274560600412 3.0
3.962775547993115 3.0
3.7596321305691425 3.0
4.682026643161642 3.0
2.6902565370147227 3.0
3.7043201677091164 5.0
4.012220057755494 5.0
3.7748638499276423 5.0
5.354799265536659 5.0
4.258085512707722 5.0
3.288008632567595 3.0
3.1952549504417815 3.0
2.4126253576807475 3.0
2.151427721123749 3.0
2.4885727554902664 3.0
3.3834041728856667 5.0
2.062340343831489 5.0
2.926297239046944 5.0
3.354879898856064 5.0
2.9950759321599008 5.0
2.2507072830467982 2.0
1.6685890872949984 2.0
1.5546820688167267 2.0
4.140934428994387 2.0
2.0426067762313522 2.0
2.3633630689510006 2.0
1.8031831258202433 2.0
2.088972006716341 2.0
2.087043037625587 2.0
2.323081651916315 2.0
1.5613774937743718 1.0
1.9677363011810511 1.0
2.033651974377179 1.0
2.047676626292068 1.0
3.288666228288182 1.0
3.149218666306183 3.0
3.3051834893804903 3.0
3.968041490978211 3.0
2.4362372187857235 3.0
3.91261311826982 3.0
3.1880782644031362 6.0
3.3278553831862525 6.0
5.286843337268184 6.0
5.765424359926683 6.0
5.084596872891067 6.0
2.6502891331325062 3.0
2.2244996231799448 3.0
2.6631997235521006 3.0
1.3998004968481579 3.0
1.252231581502508 3.0
2.301865393429558 1.0
2.3432387393783083 1.0
3.1909712819074145 1.0
2.0810231512966717 1.0
2.4568457468438862 1.0
1.7866611146061568 3.0
2.247159246962825 3.0
0.5361454800837596 3.0
3.0745131057386854 3.0
4.269016711572203 3.0
2.9953485778673343 1.0
2.126739699337143 1.0
1.8471913324609768 1.0
2.427311359526383 1.0
2.7752213829689434 1.0
2.284885991603226 2.0
2.9930424357415326 2.0
3.4925601929393455 2.0
3.8764290009312776 2.0
2.7276256856570575 2.0
2.3421461829185444 1.0
2.866723926228639 1.0
2.0879220246562116 1.0
3.6106594744949625 1.0
1.5955900345566563 1.0
1.9784157339193391 0.0
2.7505311085168658 0.0
1.8926689800264964 0.0
2.4137659226812267 0.0
1.8887400673293737 0.0
0.812711212930552 2.0
0.9737189958842362 2.0
2.6325768797208124 2.0
1.0889803370831945 2.0
2.22557789180947 2.0
3.9729446424945456 1.0
1.1855656731324362 1.0
3.237708470214923 1.0
2.5316982720125116 1.0
3.0329660273098584 1.0
2.1499258357535496 2.0
1.6749869036428715 2.0
2.243222418776353 2.0
2.371289396405015 2.0
2.1547277202011994 2.0
0.5578041369406066 1.0
1.2931372163772306 1.0
1.0918823804677547 1.0
1.1806846116748289 1.0
1.3537029712293818 1.0
4.125488467170968 3.0
3.0270363913223592 3.0
2.545725378495923 3.0
4.315648519829689 3.0
2.6189976350375495 3.0