3.9293439045085887 5.0
2.9086271704927604 5.0
4.462593872065859 5.0
5.521547644475413 5.0
4.680108658383521 5.0
2.147263206219084 4.0
2.806040767408605 4.0
4.606400941379072 4.0
3.412597308030671 4.0
2.0580637494046283 4.0
2.6348152055870164 7.0
4.082554185300516 7.0
5.113165956410867 7.0
5.328300952540966 7.0
4.428324232461426 7.0
4.389602076291803 3.0
3.2445884733510653 3.0
3.8157411610094742 3.0
4.319640424693123 3.0
4.988122998477048 3.0
2.7415643648767007 5.0
4.996052448700381 5.0
4.933557893307592 5.0
5.334206954573926 5.0
3.3674103085694087 5.0
1.4507214222690346 2.0
1.892075090116418 2.0
2.259851242190619 2.0
3.7164885136966372 2.0
3.4669850604350767 2.0
1.6085687889073923 4.0
3.0313484675544315 4.0
5.144370864205186 4.0
5.146586917581677 4.0
4.082575781005475 4.0
3.8521191986487335 1.0
1.8052133143022895 1.0
3.967963303190468 1.0
2.7531123538312303 1.0
2.1156735361311747 1.0
4.387349398996506 4.0
3.3310279309988013 4.0
4.036755648964678 4.0
5.053691838661294 4.0
4.5225539664348 4.0
3.143809046228196 3.0
3.8831896299332618 3.0
3.1576615101074967 3.0
4.074281465539448 3.0
3.405347797207102 3.0
5.165579722141012 7.0
5.760986967344786 7.0
5.674311785608849 7.0
6.549968103116132 7.0
5.550735763640359 7.0
5.310242087767872 7.0
6.010244041081291 7.0
5.995498437847718 7.0
5.786344863537964 7.0
3.3036623977244934 7.0
2.4906359992396325 4.0
4.2251073219308335 4.0
3.837862708522584 4.0
4.664759721234716 4.0
4.918550197047808 4.0
3.490413173311692 5.0
3.8870626285677683 5.0
4.1154087880764445 5.0
4.871647434086797 5.0
3.751464735755655 5.0
5.3305336913224215 4.0
5.7506735299703395 4.0
4.808395266635855 4.0
4.623927652026095 4.0
4.625154059334917 4.0
4.964317791740047 5.0
5.397287737948159 5.0
5.715764395795736 5.0
6.188617603459048 5.0
4.983526050419772 5.0
4.389101025388357 7.0
5.605967187595843 7.0
5.147505518449495 7.0
6.322313618899241 7.0
5.718911987036574 7.0
3.8987785552636387 5.0
6.398504286787102 5.0
5.616069109592071 5.0
6.4100184867635175 5.0
6.212298893599895 5.0
3.397939470643397 4.0
4.573567364983843 4.0
4.921804257391217 4.0
4.5072010202820705 4.0
4.868306440187592 4.0
6.246557855920464 7.0
6.194306017376139 7.0
6.426720161712923 7.0
5.558191764566376 7.0
6.210551528882181 7.0
3.423286131132239 4.0
6.213719325534501 4.0
3.8798558816748203 4.0
3.3403744988754625 4.0
3.585262421019929 4.0
5.652341353115593 3.0
4.779360823467508 3.0
5.453223484035209 3.0
4.066215540823666 3.0
5.455888340371768 3.0
4.59141095851398 7.0
5.9040349243901655 7.0
6.305937868580845 7.0
6.048764561700682 7.0
5.837808403211777 7.0
1.7449201675882555 4.0
4.427061852348943 4.0
5.1225021461747895 4.0
3.955602718161937 4.0
5.053552918389211 4.0
3.0041672604416876 5.0
4.215016445357908 5.0
3.463476011452605 5.0
3.800553184176106 5.0
3.595931818523399 5.0
5.116227240198785 7.0
6.315847751285133 7.0
5.7634590533574315 7.0
4.740435734418979 7.0
6.088869863783297 7.0
4.787757495312115 7.0
5.65323861324271 7.0
5.751593898098205 7.0
5.025160993527989 7.0
4.957854597790044 7.0
3.5891276505605725 5.0
5.702983183695109 5.0
5.5464082436751045 5.0
4.521086232536668 5.0
5.5975714807529435 5.0
6.168738165299002 5.0
4.718683379167646 5.0
5.276018450765092 5.0
5.225944107404741 5.0
4.339218012342918 5.0
4.179928936930473 5.0
3.502927230358294 5.0
4.431890443967766 5.0
6.096450967471452 5.0
5.36996429541583 5.0
5.590240387870787 4.0
4.582505751609012 4.0
5.868246719938891 4.0
5.881143009130921 4.0
5.2844741868340845 4.0
2.991501974959401 5.0
2.5128745515870405 5.0
4.4510954971156425 5.0
5.062064419276887 5.0
5.399862457948199 5.0
5.932375345083563 7.0
5.609662011286306 7.0
6.210055470873845 7.0
5.9635010599854805 7.0
5.766950752759348 7.0
3.727033154311164 5.0
4.081085351533898 5.0
5.386264876690542 5.0
5.809218992830859 5.0
5.4248620161710965 5.0
4.134694402213195 5.0
4.340712639571846 5.0
5.831346259688771 5.0
5.217600232598777 5.0
4.747698886451704 5.0
2.2026174578901703 3.0
3.059767455698801 3.0
4.4218083038965466 3.0
2.1824596953275237 3.0
4.4603368161695665 3.0
4.62064325475553 6.0
5.368949615574751 6.0
5.751608460635216 6.0
6.275926933627795 6.0
5.120193331717056 6.0
4.330606206727969 5.0
6.172832428932278 5.0
5.068763410572104 5.0
4.95511222151808 5.0
4.672420838422654 5.0
4.562516404794486 5.0
5.7140695314535614 5.0
5.121573928080478 5.0
3.8750439635343636 5.0
5.9142799926796465 5.0
3.946873892576102 5.0
2.280450643831671 5.0
4.408097293166815 5.0
2.6215791930377694 5.0
3.790382378484617 5.0
5.479876489490498 5.0
5.30744832111637 5.0
5.987064699894171 5.0
5.753220891740595 5.0
6.133595571426141 5.0
4.017051253109249 6.0
4.608228661984725 6.0
3.1625992844168365 6.0
5.802175857924006 6.0
4.972341652076009 6.0
1.6984275666282214 5.0
2.89714963255708 5.0
2.547570596284471 5.0
3.2196357232433934 5.0
5.552001217895577 5.0
5.649956041855844 6.0
3.9581906662038864 6.0
5.972201356305315 6.0
4.952097650119017 6.0
5.09454125000362 6.0
6.400038714949084 5.0
3.9203199829795885 5.0
4.808240130811359 5.0
4.754151912387205 5.0
3.1092139118592343 5.0
3.7482799695932285 5.0
3.6897130706667656 5.0
4.858007535839396 5.0
6.123983707375477 5.0
5.789027187795426 5.0
4.773601092376208 5.0
4.3800136773877405 5.0
5.0454219476720965 5.0
3.8771657158900377 5.0
5.4142363327862615 5.0
2.887888029433377 5.0
4.782118436438653 5.0
4.466853966730023 5.0
4.874941123848201 5.0
4.4763983993970475 5.0
3.3166150709196516 3.0
5.6055517369844505 3.0
4.339314555043084 3.0
5.413366403346094 3.0
4.67019745753524 3.0
2.780425866881943 2.0
4.395361273077584 2.0
4.447872014331031 2.0
4.225109902031565 2.0
3.771131654788113 2.0
6.127153431521892 7.0
5.531110756834228 7.0
5.616215936469952 7.0
5.3857009071869575 7.0
5.708344982510301 7.0
3.0187927852426664 5.0
4.906556699129648 5.0
5.437214102044387 5.0
4.411529646178507 5.0
4.72713136858703 5.0
3.8058400815498223 5.0
3.2356592750974045 5.0
4.609363699257937 5.0
4.785549184256794 5.0
5.702271107063668 5.0
3.643702165978171 5.0
3.9031492846575366 5.0
4.3747293925497726 5.0
3.321669768751327 5.0
5.960347327745272 5.0
4.876221206182296 5.0
4.1810030757079035 5.0
6.152667731829979 5.0
4.5114846996206035 5.0
4.948417728034072 5.0
2.4661914223352848 1.0
2.5325715617713382 1.0
3.7091530516360303 1.0
2.5002048443557396 1.0
1.752299721571179 1.0
3.6366652035091276 6.0
5.163003999423036 6.0
5.551504444401849 6.0
5.771999310861784 6.0
5.721857515210323 6.0
3.369954127430925 3.0
2.871194332753894 3.0
3.229630586951027 3.0
4.17525785524252 3.0
3.317951212096569 3.0
2.834433219404558 2.0
2.66001960025619 2.0
2.32134235924867 2.0
2.630888172827051 2.0
1.915695604251713 2.0
3.9531417818921204 3.0
4.606319662233463 3.0
3.4542286690326236 3.0
4.913007030888385 3.0
2.0650988547968048 3.0
5.046381910966627 5.0
4.990556290305543 5.0
5.175014761215274 5.0
4.310246351860375 5.0
5.679102874561327 5.0
4.1577160168475364 6.0
5.0658776908243395 6.0
5.171614354683585 6.0
5.200856342327311 6.0
3.9361306572504255 6.0
3.371787813241456 4.0
5.375807313141678 4.0
3.581732005472439 4.0
3.757777348032525 4.0
2.075779516602758 4.0
3.556789845339772 3.0
2.631607233369647 3.0
1.9455202422319082 3.0
3.715453876767206 3.0
1.718991898718496 3.0
3.8631106268985995 6.0
3.6424467171993027 6.0
4.080984872867531 6.0
4.301654986010137 6.0
5.284133471424406 6.0
4.545830539505221 6.0
5.0002228785122576 6.0
4.7162338260328855 6.0
5.511448006994825 6.0
5.480866905790849 6.0
0.6246991438850837 0.0
1.325229174771526 0.0
0.7169504354821649 0.0
1.178649714696046 0.0
0.8891209869925818 0.0
2.5461776566796304 2.0
3.0873706631107063 2.0
0.9767839211463866 2.0
2.0300513502178488 2.0
0.762397924612239 2.0
1.9475881886302069 0.0
1.5946687714990637 0.0
1.2472913245774135 0.0
2.969929747480279 0.0
1.1854324353711583 0.0
2.4177734042221237 0.0
1.5979465888005504 0.0
0.6216538779495776 0.0
0.7927995863497419 0.0
1.975458406663272 0.0
1.9470591824871981 0.0
0.6474782664883917 0.0
1.139047274190066 0.0
2.217810900044818 0.0
0.8968812976443329 0.0
2.3084909596589336 1.0
0.24139491831609797 1.0
2.4056623002292925 1.0
1.3238103508510752 1.0
2.4198619056883746 1.0
1.1105250690183261 0.0
1.5111148745553271 0.0
1.304042783518179 0.0
-0.09316888150033172 0.0
0.8407091827278331 0.0
1.979602251827011 2.0
1.663607698429194 2.0
2.1277761255572476 2.0
1.4256933855443883 2.0
1.6754326886238022 2.0
3.497395131392114 5.0
2.391323897578078 5.0
6.054690786932995 5.0
5.653249692535601 5.0
5.520340121210493 5.0
1.6775118107038405 3.0
2.5194916062170116 3.0
2.5968501112521745 3.0
1.251658079146561 3.0
2.1657067575742244 3.0
3.2540339234145885 1.0
1.13739427374125 1.0
1.383536607791996 1.0
1.632227438315417 1.0
2.5035099147451154 1.0
3.7633547622630594 5.0
3.269122314230789 5.0
5.499083841066762 5.0
5.585561816473614 5.0
4.375423089394025 5.0
3.2821352953302765 2.0
3.466225404313881 2.0
4.7468894683089 2.0
2.5159095109507517 2.0
3.8830012963756535 2.0
3.844783081325266 6.0
3.707642120529996 6.0
5.212970230383817 6.0
3.8974822000042484 6.0
4.829724004555998 6.0
2.9551750005346773 3.0
3.9412882642007916 3.0
5.228025965006957 3.0
1.845973353360775 3.0
2.222952471533574 3.0
3.2525851919757103 3.0
1.4380877173006341 3.0
1.4658068131251767 3.0
1.9048969741958504 3.0
1.5729775752923667 3.0
1.7627606346939597 2.0
2.286311795804559 2.0
4.750205879601397 2.0
1.6161509507682845 2.0
3.3430852490457124 2.0
3.8566761804866942 3.0
1.7367908583958898 3.0
3.728033985873592 3.0
1.1854727474809428 3.0
2.3129810962100565 3.0
1.9984391292362682 4.0
3.168809413515926 4.0
3.428498888664018 4.0
4.450434572618974 4.0
5.099550291197658 4.0
2.001521434196858 4.0
3.5697259746950114 4.0
5.0338808700388675 4.0
5.938558585608485 4.0
2.8799394034525907 4.0
2.574248706740495 2.0
2.448414548792314 2.0
2.2260595349566152 2.0
1.5425936143189676 2.0
1.6230614948408342 2.0
3.5379799050494176 3.0
3.142436151965414 3.0
2.740151871478355 3.0
3.5154620536660635 3.0
2.6384722960069666 3.0
4.2542039360832105 5.0
4.580245059054972 5.0
4.704657578072244 5.0
5.167609092795691 5.0
5.187814549793531 5.0
1.5231738665437473 2.0
1.2507101411655108 2.0
1.065941117787047 2.0
2.29516335928596 2.0
1.837897080104441 2.0
3.2283817848673015 5.0
3.6620749011628493 5.0
2.397795159046124 5.0
4.718977993681329 5.0
4.241282429825336 5.0
1.9020952554037027 3.0
1.73914639438676 3.0
0.6974988231132565 3.0
1.9843749063619271 3.0
1.5445129482294 3.0
4.741815719297197 5.0
3.326149631282085 5.0
4.724006453338461 5.0
3.806386731886666 5.0
4.35615745143012 5.0
1.1303105229048174 2.0
1.2566658709612764 2.0
1.1303316564032346 2.0
3.2641857303650146 2.0
2.073695148256926 2.0
2.805298951210963 3.0
2.6692718031822293 3.0
3.0816509665973575 3.0
3.2772975725857183 3.0
3.730778282224257 3.0
1.0377538415840573 3.0
1.8262079098333288 3.0
3.9744597802550077 3.0
4.642577461029235 3.0
3.246753469310319 3.0
2.5567421814458635 5.0
1.9350877766803258 5.0
3.772590625549453 5.0
3.225028775356941 5.0
5.134592477968275 5.0
4.316300516611868 5.0
5.08880628167174 5.0
4.702392230399188 5.0
5.757051610065832 5.0
5.4563853918896505 5.0
4.661107266550835 3.0
5.037094773141131 3.0
2.7531903648600027 3.0
3.7271058403307973 3.0
2.7584279235176714 2.0
3.6702684130450067 2.0
4.192536023616241 2.0
3.6704765495710525 2.0
3.9834900825802952 2.0
4.138592984793095 3.0
3.980219041652401 3.0
5.313344496649285 3.0
3.0398071459395517 3.0
3.720860839875286 3.0
3.426132806038764 6.0
3.9604158286148605 6.0
4.476098395075936 6.0
4.829442920284051 6.0
3.7001616060315015 6.0
3.344381142240635 6.0
4.411765331945593 6.0
4.748359343730481 6.0
4.201540102393881 6.0
4.971874141479064 6.0
3.6134058849638566 3.0
6.079831880426908 3.0
4.9897370342183 3.0
5.570053121707451 3.0
5.976675756800982 3.0
2.960875330888404 5.0
5.759626192462212 5.0
3.795516471918376 5.0
6.40370229316872 5.0
5.646278033247825 5.0
3.3595079135683035 5.0
5.421275214896767 5.0
3.9633299757980205 5.0
5.566146490512887 5.0
5.973820901874393 5.0
3.276216200694111 6.0
5.063292986396636 6.0
5.659358634484613 6.0
6.046151003382863 6.0
5.5911577368919705 6.0
2.770208214974137 4.0
4.955835000758986 4.0
3.664330848793539 4.0
3.265967627415139 4.0
4.9157190625675575 4.0
4.048282857176418 7.0
5.521873081403603 7.0
5.875002449994799 7.0
6.502060116392444 7.0
6.243682641327932 7.0
3.9175182234454433 5.0
3.731555977492642 5.0
4.603947587854654 5.0
5.269907239145612 5.0
4.451599519420816 5.0
4.477285577354057 5.0
5.419616308083373 5.0
5.7625182199063545 5.0
6.183029343517446 5.0
5.886098165982812 5.0
4.470535388268707 4.0
4.424290223570165 4.0
2.800911616276232 4.0
4.615556713810571 4.0
4.203568665881134 4.0
4.613568722048287 5.0
3.405235438489824 5.0
4.13973306933626 5.0
4.435699046944019 5.0
5.720019345288376 5.0
4.05063575555943 4.0
2.9721498076321686 4.0
3.4765668415859556 4.0
4.458787311848552 4.0
4.996053816645447 4.0
4.126664139610881 4.0
4.083141252651068 4.0
3.255866893887775 4.0
4.158262832583834 4.0
3.2929909683605763 4.0
3.6877391434696642 3.0
2.1526229032129938 3.0
1.163841462134361 3.0
2.6782386452491305 3.0
2.703081798943687 3.0
3.5116103167386474 5.0
3.4923208473190046 5.0
4.859160144176826 5.0
4.905011377366449 5.0
4.833482805073717 5.0
4.064204387411361 5.0
2.7675872592875836 5.0
5.054559761507856 5.0
4.39986007328753 5.0
2.2587302868565984 5.0
3.1101959572847964 6.0
2.433562028816004 6.0
5.37390093555966 6.0
4.483209838094703 6.0
3.469500820002254 6.0
4.893678388806572 4.0
2.955907195584855 4.0
4.140053979404275 4.0
2.764412124294858 4.0
4.038835562900996 4.0
4.778999692391532 4.0
4.630780836555382 4.0
2.9002364583462357 4.0
3.753206968158233 4.0
4.491336587134452 4.0
3.9715617058616393 4.0
3.1445792830750907 4.0
3.6035342542130526 4.0
3.5409980411585336 4.0
4.1538928984746155 3.0
2.305058294618218 3.0
3.300423211510488 3.0
2.266430429437111 3.0
5.297591128931177 3.0
4.224865042552338 4.0
4.0371574029818555 4.0
4.595491682337582 4.0
3.6708785431304967 4.0
3.7909852114322358 4.0
2.809388061381525 5.0
3.084615794286299 5.0
4.477987100054398 5.0
3.2846151786930027 5.0
3.3939391710075726 5.0
2.4760513169769016 4.0
2.381952121134214 4.0
2.5813996989039922 4.0
4.030050171690455 4.0
4.56163359143034 4.0
3.3519468673174435 3.0
2.310749780677855 3.0
3.318757458758605 3.0
4.903251815867085 3.0
3.8551469320524645 3.0
3.8358310818184225 2.0
2.389557975112598 2.0
1.6836151610530237 2.0
2.4048741356546506 2.0
3.4064935089156436 2.0
3.5490275698585543 3.0
2.7126926456108156 3.0
2.2873753709571276 3.0
3.121979587182366 3.0
4.0111915284620965 3.0
3.5001750692013784 5.0
2.943381717846505 5.0
4.1427167759626276 5.0
3.9474535368190034 5.0
3.8659834172503698 5.0
3.503062534673933 3.0
3.6583119075131085 3.0
4.410900104633935 3.0
3.903628948307118 3.0
4.152118625833096 3.0
4.118912855364107 5.0
3.675319079654336 5.0
2.4415942855924726 5.0
4.393483273745665 5.0
4.897648925005835 5.0
3.4774439373376893 4.0
3.8362889468189953 4.0
3.5670478407351696 4.0
3.743134826548098 4.0
1.7603830927883206 4.0
3.3831035442773185 4.0
3.6872045244348337 4.0
1.5694997670402837 4.0
4.097153916519958 4.0
4.600467007457463 4.0
3.7106561700884324 4.0
2.1436209652463694 4.0
2.7966131442672935 4.0
4.378654849455588 4.0
4.649598703317494 4.0
2.019605042429446 5.0
2.7758187504245884 5.0
2.4263145978313196 5.0
4.342317187526698 5.0
3.472982267823005 5.0
3.1056655538499887 0.0
2.9062468547225815 0.0
1.0894801634838966 0.0
2.5600487175954427 0.0
4.001610344501161 0.0
2.9124605886074657 4.0
5.0378858572850005 4.0
3.581044328636788 4.0
2.683907909629708 4.0
1.7363017050955485 5.0
2.4995006280289016 5.0
2.7037169459542048 5.0
3.043328993483512 5.0
3.805453817904214 5.0
3.7674809787751777 3.0
4.112040033330775 3.0
4.1452381908447675 3.0
3.5368950784074804 3.0
3.167492361196818 3.0
4.819225382757897 4.0
4.781861362918848 4.0
3.1758094072638077 4.0
4.465426760821309 4.0
3.1516020889797307 4.0
3.6812719348229552 3.0
3.0067287241966696 3.0
2.893547359985739 3.0
2.7119412946306136 3.0
2.4017929620954592 3.0
4.40263140354913 4.0
4.600246956494333 4.0
4.040865585587501 4.0
5.288109286468144 4.0
3.7778833111361285 4.0
3.8830259482862517 5.0
3.6738304287423826 5.0
3.539947491133534 5.0
5.604839189204528 5.0
4.268991682595673 5.0
2.27309138773968 4.0
2.8541657786777344 4.0
3.5030302695791105 4.0
4.016867875925896 4.0
1.8446488775374204 4.0
3.5260953878853085 3.0
3.2115691511602242 3.0
3.3117022720261953 3.0
3.2652825242146766 3.0
2.185678227376871 3.0
4.249207929360356 1.0
2.6260705395344535 1.0
2.1042712980844454 1.0
2.125988070171224 1.0
3.7119777735672184 1.0
3.7360499161722895 5.0
5.191272867878141 5.0
5.171136531985517 5.0
5.707898869389778 5.0
4.2430746420164285 5.0
3.667641948720031 6.0
3.285702654440108 6.0
4.432346005973223 6.0
4.695778336608036 6.0
5.098747881120274 6.0
3.8057016587760377 3.0
2.5475964253769763 3.0
1.32400723405211 3.0
4.5385396702052425 3.0
4.06869621852081 3.0
2.740749128864416 2.0
1.9443806506001793 2.0
3.047991397642386 2.0
0.832416196778985 2.0
2.0481028890529456 2.0
3.084977396007725 3.0
2.556735925179454 3.0
4.668039839889543 3.0
2.840287925716016 3.0
3.1526476804457366 3.0
3.355366951872067 3.0
2.2212810414206063 3.0
4.152983046588652 3.0
2.266351584780283 3.0
2.3591861892129327 3.0
3.533931509875109 2.0
2.8216096896295255 2.0
3.682660259118646 2.0
2.2980128237110984 2.0
2.81669243922234 2.0
1.7551359604865455 3.0
2.883733936315037 3.0
4.0326544148027965 3.0
2.642165944978956 3.0
3.1390844638555864 3.0
1.9655075591894249 2.0
1.5649245762456145 2.0
2.736346535695517 2.0
2.368415389510419 2.0
1.697934613088828 2.0
4.11514943511726 3.0
3.573913173639884 3.0
2.1443743238634316 3.0
4.955039159534556 3.0
3.803943416399292 3.0
3.1376052393684017 1.0
2.4511049359110446 1.0
1.492583602168601 1.0
2.232586194161616 1.0
2.220572635648764 1.0
2.4552405317263455 3.0
2.2492243866655834 3.0
2.885490160710621 3.0
4.948615389933089 3.0
3.1222978701114945 3.0
2.0344547655102785 1.0
2.1208998793926814 1.0
1.5837654199576683 1.0
1.5441933138670034 1.0
1.19365270946345 1.0
3.132776352673123 2.0
3.837034409181197 2.0
2.577722149142661 2.0
1.5246295346146521 2.0
3.1633484092986723 2.0
3.7938471222478305 1.0
3.830401250349451 1.0
2.8636074990655196 1.0
1.645183358096694 1.0
2.2132784832322296 1.0
2.699489983865873 2.0
2.2439382772071967 2.0
1.837442379575777 2.0
3.224780460708789 2.0
3.116485218936843 2.0
2.031810506057815 1.0
1.2714590862988386 1.0
1.1909130349590569 1.0
2.721541008188497 1.0
1.1115876081078824 1.0
2.357558209176232 4.0
2.754806328501886 4.0
1.9762427567944847 4.0
2.646208455099359 4.0
4.967904631243991 4.0
2.419139484068099 3.0
2.508541682600137 3.0
1.7446894566998772 3.0
2.6968875284494858 3.0
3.0120167200794907 3.0
2.9502936905304704 2.0
2.397939358446264 2.0
2.0922510531331127 2.0
1.7515635176064444 2.0
1.9168993194489186 2.0
3.0595308533511574 5.0
1.6765297378719723 5.0
2.9940317383464854 5.0
1.9709207202163088 5.0
2.7480167233896644 5.0
2.8517676779743493 4.0
4.330493294316373 4.0
3.4272083048427637 4.0
3.3264870210859474 4.0
3.075776688515893 4.0
3.3069332685552713 4.0
1.5065228855677564 4.0
2.469440450610113 4.0
3.2405990077680475 4.0
1.99546845330493 4.0
2.4947376728801776 2.0
2.386279108965675 2.0
1.343823904296157 2.0
1.8101234503009873 2.0
1.2501582403623228 2.0
2.7315284961906525 5.0
4.149356053428225 5.0
2.8473112812555654 5.0
3.429104047343165 5.0
4.04068332211572 5.0
3.258857715646893 4.0
2.39337632398831 4.0
3.4418607762213393 4.0
4.386869028976492 4.0
1.6777276935848142 4.0
2.1162223095603196 2.0
2.4055813828372785 2.0
2.199144152893357 2.0
1.3268497295033475 2.0
1.6563087482650667 2.0
3.7634936913552943 2.0
2.79626116251237 2.0
2.2469521668933585 2.0
2.3775206425300155 2.0
2.219234722349312 2.0
2.9628409222099266 3.0
3.83902011589066 3.0
4.901200967725869 3.0
5.099658353938557 3.0
4.791421160646858 3.0
5.58148930880741 7.0
3.6489839277704217 7.0
6.033561947802086 7.0
5.463405639988414 7.0
4.6138717305746715 7.0
3.2294386700583 4.0
6.09525361170029 4.0
5.420713887464641 4.0
4.984667910386413 4.0
3.4843384282416934 4.0
3.085678473545369 2.0
2.9675054728732717 2.0
1.9490542730804088 2.0
2.652975111594281 2.0
2.175452285115705 2.0
0.2836688564619515 0.0
0.6359702775556204 0.0
0.5933658471976309 0.0
1.0812006991811158 0.0
0.8700447866991364 0.0
3.6995898015721487 0.0
2.719059561047873 0.0
2.2848175551793934 0.0
1.278875731318471 0.0
2.073313546435393 0.0
2.07894796334365 3.0
1.343052709093272 3.0
1.5571345581433247 3.0
1.1061946778203624 3.0
1.573857056806 3.0
2.267826956046864 1.0
1.1759290338695525 1.0
3.5634812258968545 1.0
2.1916336407226256 1.0
1.5671732818907258 1.0
1.6657646942519495 3.0
2.792786086269761 3.0
1.542823744112046 3.0
1.506551026980751 3.0
1.9980118044573492 3.0
0.906668401259915 3.0
1.6127653503270143 3.0
0.9224535402843069 3.0
1.3682663233331542 3.0
1.3983983786573577 3.0
1.4144714425196445 3.0
1.6119055056271088 3.0
1.7499019691314308 3.0
1.1849670416830218 3.0
1.7372096075880954 3.0
3.6577931622891677 3.0
2.4837542780771344 3.0
2.952844637087276 3.0
2.2461253654420053 3.0
1.8370103424826338 3.0