4.5752890405458375 6.0
3.474806839532583 6.0
3.333234344417469 6.0
5.776121078402975 6.0
4.574318463726929 6.0
3.849714920530937 6.0
5.180833224449204 5.0
5.530168345012908 5.0
4.839324992386726 5.0
2.950704740968157 4.0
3.506921881010651 4.0
3.3832115832290643 4.0
5.2092668029348745 6.0
5.116069478717291 6.0
5.635592794500222 6.0
4.54340726484545 5.0
3.4622388810369014 5.0
3.9729657604067996 5.0
2.708373050094328 3.0
3.7192934429697413 3.0
2.4464507429664297 3.0
6.7391898191113775 6.0
6.122329444404539 6.0
5.95044295498883 6.0
3.687336600690538 5.0
6.453614677559392 5.0
3.035565271166365 5.0
4.384171155891482 5.0
4.0960982592912965 5.0
4.873967526330147 5.0
2.5465717471311153 3.0
4.343815832658348 3.0
1.987442079941852 3.0
4.677844608597655 5.0
5.776268290992805 5.0
6.106151695085013 5.0
5.822239393796252 5.0
5.114574908337913 5.0
5.687666565284542 5.0
5.164266882009294 4.0
5.33985541535652 4.0
5.759388741411747 4.0
5.459358832078678 5.0
2.2705473063614074 5.0
4.463220384797276 5.0
0.8283881507197981 0.0
2.5000125150669366 0.0
2.0492650578985847 0.0
4.7378298946342605 6.0
5.439414774063184 6.0
4.594316728133576 6.0
5.29481365856582 4.0
5.558292495654681 4.0
6.220886451476701 4.0
2.4530765307001845 3.0
3.473527165059276 3.0
3.7845053609509565 3.0
4.698313026595742 4.0
3.678176477329169 4.0
4.26750982298191 4.0
4.062826877223057 3.0
4.837571411897267 3.0
3.6114134356022505 3.0
2.691928419125619 3.0
5.738037885396186 3.0
3.1723110836210795 3.0
4.868122834341757 5.0
4.7112146470084655 5.0
4.9826617607125 5.0
3.658074716623574 3.0
2.507562580424735 3.0
2.979138051296818 3.0
3.0748127195920816 4.0
4.156311938729888 4.0
3.9345943626813256 4.0
4.137296726840094 3.0
4.636307913684376 3.0
5.457463157640207 3.0
5.917530800105435 3.0
4.553625611572943 3.0
4.892481823856285 3.0
3.9318256112423504 4.0
3.4090591920684488 4.0
6.047345091489727 4.0
4.182785204587097 4.0
3.477956142323874 4.0
5.727380831461079 4.0
5.806295851968382 5.0
6.014746534534774 5.0
3.64108941491802 5.0
5.399358380388123 5.0
4.098282786960206 5.0
3.6144242570234355 5.0
5.330049179027824 4.0
5.85626022237437 4.0
6.3702659674609174 4.0
4.75171309497437 5.0
3.920301923220375 5.0
3.382372619777671 5.0
5.339420507103331 5.0
5.248168517141617 5.0
5.714084340965534 5.0
4.069643280243093 3.0
3.8455747027265206 3.0
4.8494177828310105 3.0
4.701682000367414 5.0
5.823149363836453 5.0
3.270871937909121 5.0
5.7788980112134585 4.0
3.8147147056081963 4.0
5.05692240487418 4.0
5.420330291401725 6.0
4.410831028815826 6.0
4.327021582415039 6.0
2.47005225819809 2.0
3.8868805155339223 2.0
2.01162291037691 2.0
4.4856741312985555 3.0
4.3534174464703765 3.0
4.875719708759891 3.0
4.3707709720984065 6.0
5.137396229937627 6.0
5.814504230557096 6.0
2.822247867479761 3.0
5.907450016236937 3.0
5.571732588231314 3.0
5.550934000431476 7.0
5.000221053951096 7.0
6.433526729104141 7.0
3.1702966170643414 5.0
4.020328607883615 5.0
3.3609170551666057 5.0
6.133177277721363 6.0
5.258382234145332 6.0
6.765782991999586 6.0
2.400670886903532 2.0
3.260506295870568 2.0
2.478727854554723 2.0
4.526053108638335 3.0
4.218261727197987 3.0
3.5203097843156534 3.0
4.212814969294849 5.0
4.172496995076541 5.0
6.072173665424049 5.0
6.0047584504833145 5.0
4.004069393912157 5.0
4.3805403568564785 5.0
2.886697595105872 2.0
2.0254295464402645 2.0
2.87578982907051 2.0
1.652297740057153 3.0
2.293530015625176 3.0
3.2411133037995192 3.0
5.071382906001859 4.0
4.907821600071689 4.0
5.419064744883318 4.0
4.7950425922170306 5.0
4.979536950191641 5.0
4.229783563738958 5.0
5.964802406632802 5.0
5.688554540110587 5.0
5.736219583379242 5.0
4.935668373141801 3.0
3.9461651784738923 3.0
4.922659997569382 3.0
4.193403193181127 5.0
5.872619610782241 5.0
6.344598491165959 5.0
3.60908951047298 4.0
3.4890211391966917 4.0
3.719463438780712 4.0
3.0707838226153474 4.0
2.7633840868382653 4.0
3.9981393385676625 4.0
1.5113062832633266 2.0
3.55460233688548 2.0
2.1430450080899894 2.0
5.333280415227281 5.0
6.208624861420661 5.0
5.9796816634549845 5.0
3.237894133269452 1.0
1.7927461281482544 1.0
1.8685486624118892 1.0
4.221111187951913 3.0
2.2136368098747043 3.0
1.6695454824348626 3.0
4.1808539172745744 5.0
3.237076135614868 5.0
3.8915868926241566 5.0
2.8180897708504484 4.0
3.382355849195311 4.0
2.8194270858834343 4.0
5.38148691125597 5.0
5.789465364567879 5.0
6.069694577625422 5.0
4.738542590062602 5.0
4.569509840436195 5.0
2.951749931223813 5.0
3.4346698668676545 3.0
2.317653653776926 3.0
4.599896782538935 3.0
0.845273402967636 0.0
1.580699102133575 0.0
1.160895157900026 0.0
0.9372700158150046 0.0
2.7125349009043647 0.0
3.0674120928242683 0.0
1.111949473737364 0.0
1.6058936199825584 0.0
2.628624560931602 0.0
0.7847663557270129 0.0
1.0794833496576168 0.0
1.3160597656518187 0.0
1.341293903964227 0.0
2.0790214156508204 0.0
0.7883616474573296 0.0
4.369528797677269 4.0
2.901853999876678 4.0
2.6112895210177043 4.0
1.8009771571856745 2.0
3.725514434035939 2.0
1.9506252510858113 2.0
4.845504557866964 6.0
5.4244766566375 6.0
5.352932568351271 6.0
5.369469978787586 6.0
5.887183926708246 6.0
5.664333752547723 6.0
2.6039660209894673 4.0
4.262987446362183 4.0
1.72143375287334 4.0
0.4352426192088265 2.0
1.8552369676739087 2.0
2.178351164521454 2.0
1.2598353846920205 4.0
1.280340345738127 4.0
4.1461046200089555 4.0
3.9124141754679522 4.0
4.752637898615477 4.0
6.01492708668456 4.0
3.0097524959014783 5.0
2.791988024974497 5.0
4.0680873248750276 5.0
3.1440964064023915 3.0
2.94596820451488 3.0
3.902296352713624 3.0
4.549870580946027 5.0
5.956886171617315 5.0
5.123504957883088 5.0
5.21524335965744 5.0
2.9869278271809283 5.0
4.767831362106081 5.0
5.668291026220727 6.0
5.809221631080247 6.0
4.365168278153074 6.0
3.193786715203179 3.0
4.791461557346876 3.0
4.592040678820568 3.0
4.583829700007872 5.0
3.576700392133762 5.0
5.164740636556896 5.0
2.0608865120176336 2.0
1.9621551493252078 2.0
3.032513844679512 2.0
3.3746961555423214 3.0
4.538668815532716 3.0
3.140159359997669 3.0
5.010515775605475 4.0
2.7840270382618026 4.0
1.5312202422952297 4.0
3.9966885367225227 2.0
2.6924422385477467 2.0
4.320415103133798 2.0
3.496459657517019 2.0
0.9887707956676834 2.0
3.9258258329782696 2.0
1.8064279931032547 0.0
2.186004571741637 0.0
1.9706185836361472 0.0
1.8979797667071108 4.0
4.510784812125463 4.0
4.507215993257075 4.0
2.3630479218970994 5.0
2.6677914365101776 5.0
3.3337195611931585 5.0
1.769891685612823 0.0
2.3146961251616793 0.0
1.3865120791160996 0.0
2.769587753405272 2.0
1.8544520039743742 2.0
3.7515199808693387 2.0
4.0766621451314995 5.0
3.8603793938586373 5.0
4.875261676213161 5.0
3.5463376910782416 3.0
3.5522149988645317 3.0
3.8869110518957855 3.0
2.00345734252921 3.0
3.9919084703920698 3.0
1.5053648565110562 3.0
3.3299928552002247 4.0
1.3967286866330704 4.0
0.9414344838951832 4.0
4.489321467679744 4.0
3.180068300392783 4.0
4.079017255656434 4.0
3.517923917201613 6.0
3.0275338445087003 6.0
3.697258642900039 6.0
6.439863320981223 6.0
6.103164920953859 6.0
6.526690762237191 6.0
5.833601566331077 4.0
4.427550943101416 4.0
4.005917956521803 4.0
3.609118616561817 5.0
4.884743606386459 5.0
4.661487048707759 5.0
1.7480565339172682 1.0
2.5593696320457417 1.0
2.764017037929834 1.0
4.116997053865422 4.0
5.7739854654502825 4.0
4.939578760792236 4.0
2.1611067454335937 3.0
2.2523398563574903 3.0
1.540852629111093 3.0
3.8443033651463883 4.0
3.9127746101699854 4.0
3.8989383754608573 4.0
5.2950251682161715 4.0
3.8102658686343944 4.0
4.962001749327272 4.0
3.088594421689418 2.0
2.4332379946181772 2.0
1.84593586737576 2.0
3.6595375501916183 4.0
3.795881319784517 4.0
3.3602296921046766 4.0
2.0587146659254048 3.0
2.6272371223547872 3.0
3.4065266856295593 3.0
3.949572153561116 5.0
4.002817976977495 5.0
2.8676746888657045 5.0
3.258677470420767 4.0
3.043171935440741 4.0
3.062894784193335 4.0
2.6543222732588556 5.0
4.127510755973516 5.0
2.6592187315830604 5.0
3.4327191524359777 5.0
3.987714893047667 5.0
6.172470217901252 5.0
5.202522248196865 6.0
6.001229723295803 6.0
6.034390397740856 6.0
4.190293187096867 6.0
4.578202975398292 6.0
4.695308741770124 6.0
3.2159786663482657 5.0
4.1798580073354215 5.0
3.2410103904401564 5.0
4.108242675146808 6.0
4.306067108344124 6.0
3.2117584461359026 6.0
6.054720684724595 6.0
4.984879547957146 6.0
5.759317043631721 6.0
5.208684758509398 4.0
3.0779111297612376 4.0
2.8666721615027275 4.0
5.435392480253375 5.0
4.676888963255772 5.0
3.066299330559414 5.0
3.3839821651951776 4.0
3.5235012975603133 4.0
3.9530087914929917 4.0
4.9035111528366695 5.0
3.3330398193694784 5.0
3.4367008999563975 5.0
2.3183178388396493 2.0
3.026914325784537 2.0
3.4150155330770504 2.0
5.1455380302509175 5.0
3.2377687689352594 5.0
3.9049646827128597 5.0
4.592710677928429 5.0
3.5875944672511735 5.0
4.472107676714809 5.0
4.341352197360248 5.0
4.631776762832117 5.0
3.8209032862598313 5.0
5.376515743634131 5.0
2.345401974115554 5.0
3.9459530024289684 5.0
4.405835542368565 5.0
3.4221723396832306 5.0
5.153728769729623 5.0
4.9391142770176675 6.0
5.565574038162627 6.0
3.9330183541127597 6.0
5.614424729797069 6.0
4.977283297104903 6.0
3.6779248412997365 6.0
4.599273899187525 5.0
3.10802595000435 5.0
4.317265113802018 5.0
4.835157394912962 5.0
4.50757527344156 5.0
5.724858460080868 5.0
5.413086256806211 7.0
6.057448478097391 7.0
4.95875794269183 7.0
2.844885802054708 4.0
4.2305759829881415 4.0
3.179043293689275 4.0
3.147731796486873 3.0
2.4058431382367877 3.0
1.7296520015706638 3.0
2.888002361322796 4.0
3.815976617604796 4.0
4.634280159694379 4.0
5.6518636718073765 4.0
5.503718001200857 4.0
4.678072244515923 4.0
2.421219048317307 3.0
5.0826514819546675 3.0
4.240049302515987 3.0
3.7623873633734535 3.0
3.3947930577043866 3.0
4.6126822467237645 3.0
4.044852276143812 3.0
1.8970255063482713 3.0
3.969932917034053 3.0
4.599051244005332 4.0
3.76053152730079 4.0
4.4103250962000775 4.0
5.908301248200864 6.0
3.3820437587565824 6.0
4.858783752365386 6.0
3.1660663576596533 5.0
2.681708644606409 5.0
3.3727400757160027 5.0
2.8319109146162695 1.0
2.322685539076978 1.0
2.743104819326135 1.0
4.055323338608776 3.0
2.997326764281525 3.0
2.4142157898850187 3.0
4.975835897797824 5.0
4.082312399401598 5.0
2.905112250608291 5.0
1.9368543765662822 2.0
1.6619852391825487 2.0
2.024271581748863 2.0
2.256910562747736 3.0
1.8456069567429667 3.0
2.148027815328341 3.0
3.719784703129548 0.0
2.873276003147636 0.0
3.2480289369385833 0.0
3.0581868250425357 4.0
1.6045101497570675 4.0
3.2287006247131678 4.0
2.6462370240825765 4.0
2.8259616788751787 4.0
2.3672866472202907 4.0
4.103245232698604 4.0
3.276920949086043 4.0
4.60907856332729 4.0
1.7039235724196293 3.0
1.7651386448675876 3.0
1.8699326213719334 3.0
4.735239534699747 3.0
4.151221250587996 3.0
4.015168759027659 3.0
4.023250046179598 4.0
3.396382668702575 4.0
3.5659232674979178 4.0
3.539092579338149 5.0
2.9593296759093097 5.0
3.4158829312510437 5.0
2.53220930090359 4.0
2.714639534125987 4.0
3.4380497474143357 4.0
3.0332485173724866 3.0
5.492763018056745 3.0
2.600326620902809 3.0
2.414691870235469 4.0
3.4621846416167505 4.0
2.7188239580237106 4.0
3.0278123107886956 3.0
2.34104632454125 3.0
1.9758254657384753 3.0
2.448369183868039 3.0
3.800915792786348 3.0
3.6546139081683546 3.0
4.633752148061339 5.0
5.4314509246068665 5.0
3.001833394014955 5.0
3.549763435025197 4.0
3.0228592883090006 4.0
4.166971090106355 4.0
2.746227434933453 2.0
1.6952980353642593 2.0
2.3017550002472484 2.0
2.667317616374815 3.0
2.261307810607469 3.0
4.785357763229259 3.0
1.8414723615107054 4.0
1.818512489715467 4.0
2.791151974162989 4.0
0.8244666714309679 2.0
4.749884393012972 2.0
4.051608220813817 2.0
4.499064716178958 7.0
3.7082135779463203 7.0
5.092995873438305 7.0
3.3800858288732254 0.0
1.895062249763546 0.0
2.3044813801241606 0.0
2.636853077897302 0.0
1.8223654815111132 0.0
2.4885273904608782 0.0
4.217677271255205 6.0
4.071513274009715 6.0
5.405173694796392 6.0
3.047751641236304 4.0
4.721162430012383 4.0
2.336816524047606 4.0
5.516120721760464 5.0
5.921710642273184 5.0
5.370896080789925 5.0
2.8746674626634583 4.0
2.174762833566275 4.0
1.8245857559489662 4.0
2.0241291942157935 2.0
1.012917128797907 2.0
1.623906295063231 2.0
2.1221728103095425 3.0
1.5621683203632024 3.0
1.5714902986229586 3.0
2.371099445190826 3.0
1.638588658014001 3.0
1.207703209724101 3.0
1.8259229500014076 1.0
2.1585725593645275 1.0
2.537529255599346 1.0
3.706407705709581 2.0
3.1087278415387933 2.0
3.323271776956723 2.0
2.1369631698146883 3.0
2.5958767021186935 3.0
2.2334357322296468 3.0
1.1414728087592259 1.0
0.9563665702136087 1.0
1.6004515670980404 1.0
5.191147247539049 3.0
4.024169456712257 3.0
1.8838284173683961 3.0
2.9916997804454786 4.0
2.346978593011236 4.0
1.9842113623138575 4.0