4.451001167191525 7.0
3.5225796799372304 7.0
3.859880411236936 7.0
5.630196755351047 6.0
4.674930261229485 6.0
4.814091693827714 6.0
4.9367918155046935 5.0
5.924193369042172 5.0
4.952402501034549 5.0
3.5761648115926308 4.0
3.7663717538748682 4.0
3.6068269838996576 4.0
5.859474618280661 6.0
5.637476777236579 6.0
5.719753090169804 6.0
4.415041089391088 5.0
3.8934814164646894 5.0
4.589697517737353 5.0
2.5882034267664342 3.0
3.9226183416557263 3.0
2.5943583116544358 3.0
6.03687814690916 7.0
6.329883985650699 7.0
6.485648432744467 7.0
3.8738299053863554 5.0
6.304505754634444 5.0
3.6898525094342642 5.0
4.681733853684085 5.0
4.42951273469404 5.0
5.509024445699646 5.0
3.483351608885367 3.0
4.421250039580941 3.0
1.6666489458765106 3.0
4.698883367111223 4.0
5.936722655877992 4.0
6.246185808514089 4.0
5.695642760746645 5.0
5.2155428025015995 5.0
5.845954510525666 5.0
5.319495285495898 4.0
5.744177603212454 4.0
5.8652843811043835 4.0
5.176022488364422 5.0
2.936605714810381 5.0
4.462485502340912 5.0
0.6826119728699914 0.0
2.392228666639966 0.0
2.3405783399041504 0.0
5.477369256477513 6.0
5.402747928455524 6.0
4.9045585905447 6.0
5.640340994143057 4.0
5.770366385295387 4.0
6.518890446793656 4.0
2.5509182469232905 3.0
4.125068470092017 3.0
3.6708793436630973 3.0
4.483352875996556 4.0
4.109860531431451 4.0
4.666515082350214 4.0
3.393709510093671 3.0
4.841731731461231 3.0
3.6359478992140377 3.0
3.4814006280509333 3.0
5.937706964346189 3.0
3.4864289410513405 3.0
4.871450203364563 5.0
4.964069714026252 5.0
5.098099773951023 5.0
3.235195833209249 3.0
2.3945730338183946 3.0
3.313634584005147 3.0
3.5955057839415434 4.0
3.5866119051354604 4.0
3.73217974828019 4.0
4.31578415358844 3.0
4.840213279618085 3.0
5.176829298850203 3.0
6.081826258008302 5.0
4.782485465190735 5.0
4.521075900395638 5.0
4.25551124136516 4.0
3.586955505908441 4.0
6.091445415758199 4.0
4.402963194375272 5.0
3.5902843415532537 5.0
6.198284866542965 5.0
6.106206915486611 6.0
5.468052435527792 6.0
4.402508259156757 6.0
5.4180174089822195 5.0
4.096219497795183 5.0
3.397110112425074 5.0
5.440268150275727 5.0
5.950264099403234 5.0
6.397976663952678 5.0
4.893761048702064 5.0
4.494872464105034 5.0
3.846382095582954 5.0
4.810321527217339 6.0
5.497676979433347 6.0
5.6488401880648995 6.0
3.856846890293413 3.0
4.028934898202597 3.0
4.321933361078873 3.0
4.65499411881625 5.0
5.766643936086118 5.0
3.6913423767842697 5.0
5.546432728770171 4.0
4.122417115511548 4.0
5.19075211079964 4.0
5.664354502945895 6.0
4.5820446072184 6.0
4.46532012561429 6.0
2.644262406700991 2.0
3.5637966573913187 2.0
1.5470910124445094 2.0
4.629280962307231 5.0
4.829953503843305 5.0
5.0848095156146265 5.0
5.159465370349123 7.0
5.184938115786488 7.0
5.994769509211176 7.0
3.0122846465052433 3.0
5.8395374860039 3.0
5.410828803525541 3.0
6.05703820207064 6.0
4.8595455197162 6.0
6.362414414465915 6.0
2.6142291162255344 5.0
4.438556562988718 5.0
2.7275238843107545 5.0
6.323497510379085 6.0
5.641476297148287 6.0
6.838850360808751 6.0
3.2464864137793925 2.0
3.5089358869828393 2.0
2.163765461468084 2.0
4.43473394173941 4.0
4.291048835820608 4.0
3.981143767089054 4.0
4.2445300021515875 6.0
4.327952526309804 6.0
6.285070221060725 6.0
5.790372832522224 5.0
4.4369595420200305 5.0
5.050156577374967 5.0
2.8948278993236993 2.0
1.9064291232119155 2.0
3.069603223306254 2.0
2.1543787636816516 4.0
2.593626977202459 4.0
3.42479238198063 4.0
4.988973293184024 5.0
5.102397826899976 5.0
6.016821695093325 5.0
4.708747106301101 5.0
5.024301397194714 5.0
3.89679194481035 5.0
6.030350463466462 6.0
5.821989304783132 6.0
5.358242954079223 6.0
4.9896642222178 3.0
4.416119777588073 3.0
5.503005551641834 3.0
4.595292208154239 5.0
5.826990450360669 5.0
6.225671130955652 5.0
3.7517092659715745 4.0
3.669530813305337 4.0
3.7974329455174445 4.0
3.6906279739443772 5.0
3.3349199013862965 5.0
4.750067855962367 5.0
1.230981098740615 3.0
3.901702359388484 3.0
2.837677970835254 3.0
5.340118663956093 4.0
5.976363084006552 4.0
6.326962886709508 4.0
2.9190332009409623 2.0
1.3851023647040472 2.0
2.0510951956665076 2.0
3.445119364795347 3.0
2.559189596765818 3.0
1.78437293024347 3.0
4.14699470443472 5.0
4.11691139696346 5.0
3.192210888435724 5.0
3.173216430367641 4.0
3.856250423024847 4.0
3.1602904786825405 4.0
5.561407767007125 6.0
5.98036926702019 6.0
6.341360395481745 6.0
5.030678036416345 4.0
4.1618791362885 4.0
3.969938667655099 4.0
3.4999498570237724 3.0
2.058995647187381 3.0
4.145780243663609 3.0
0.950625170832977 0.0
1.095794689980689 0.0
1.2914896466162336 0.0
1.0266126891766625 0.0
2.591130936177401 0.0
3.304422473379747 0.0
0.7552776606002838 0.0
1.2094233992398449 0.0
2.8502452104967455 0.0
0.7774902082086561 1.0
0.8945140003416083 1.0
1.0717207171117908 1.0
1.2291814322161223 0.0
2.671436959992411 0.0
0.7632683254621797 0.0
2.9995154105676307 4.0
3.884846862932796 4.0
4.138162950378354 4.0
2.6445517151339017 2.0
3.885137087827363 2.0
2.90567371738921 2.0
4.766359877883738 6.0
4.7948169069314766 6.0
5.069425219953833 6.0
5.555663077295957 7.0
6.034390261393068 7.0
5.978450866385051 7.0
2.79140046502729 4.0
4.4805201821928495 4.0
1.4930815777451865 4.0
0.6794678151862481 2.0
2.104112701162825 2.0
2.2131322218458087 2.0
1.8101281338900475 4.0
1.552849582483137 4.0
3.731500287031581 4.0
3.3024709348015056 4.0
4.9514154863242785 4.0
6.3418190119528886 4.0
3.258574938337701 5.0
2.593485130191738 5.0
4.28019930298636 5.0
3.2729468813006624 3.0
2.89042537337358 3.0
4.647892822106566 3.0
4.2920138530885525 5.0
5.877331099214281 5.0
5.416109759692323 5.0
5.3977047195298065 5.0
3.5566457586016744 5.0
5.131957213289234 5.0
5.432412104587277 6.0
6.061052729133966 6.0
5.356466161497153 6.0
3.633135429690696 3.0
4.772254672177833 3.0
4.54307883212205 3.0
4.513939131049911 5.0
4.338974620697125 5.0
6.066510796113804 5.0
1.8884543446574957 3.0
1.8420280489641714 3.0
4.426579686306605 3.0
3.519278089500201 3.0
5.401588219246055 3.0
2.8395115076422877 3.0
4.839854333739389 4.0
3.4369924028446794 4.0
1.5933413856147072 4.0
3.7138483133220572 1.0
2.862253162000141 1.0
4.658540595855441 1.0
3.675697674482969 2.0
1.1412461738264297 2.0
4.294735454606614 2.0
1.6341053067515092 0.0
2.2940786350462194 0.0
1.6749355143510893 0.0
1.70920809965194 4.0
4.393085246038977 4.0
4.968932453229881 4.0
3.221329918845573 5.0
3.1440289234829994 5.0
2.987833012787419 5.0
1.1174051126685034 0.0
1.746571497338559 0.0
1.8691586978139985 0.0
1.9631339224882456 3.0
1.7090708346771966 3.0
3.739260927625053 3.0
4.5764444121936325 5.0
3.9756212009595076 5.0
4.659814141275387 5.0
3.184168122206742 3.0
4.13902279407234 3.0
4.869567948628797 3.0
1.8769881257491217 2.0
4.1994161154078355 2.0
1.5782256952730527 2.0
3.8410436902759226 4.0
1.49026180693225 4.0
1.9072231349826085 4.0
4.336353649568442 4.0
3.4353986438083814 4.0
4.060286942150443 4.0
3.5616077960532637 6.0
3.3077420148466374 6.0
4.433751657439152 6.0
6.399855981886744 6.0
5.895390116469519 6.0
6.443300719093315 6.0
6.183858171211751 4.0
5.52422161715256 4.0
5.063333510734052 4.0
4.401381330604282 5.0
5.120752520514789 5.0
4.554162495343527 5.0
2.46392890689736 1.0
2.635294758997852 1.0
2.778405830650164 1.0
4.472704058809239 4.0
6.127159450425701 4.0
5.013934706074378 4.0
1.6382368097006081 3.0
1.9121039951098293 3.0
1.7255362586562426 3.0
4.300609115213014 4.0
4.2895439693070125 4.0
4.124716425541673 4.0
5.138630831021729 5.0
4.167407307116824 5.0
4.677327010368899 5.0
2.899237837484971 2.0
2.8281331504696956 2.0
1.8679747592110867 2.0
3.407057947255669 4.0
4.062194522900142 4.0
3.996280500652412 4.0
2.8320253539340547 3.0
3.4300254006618403 3.0
2.707796650706849 3.0
3.9307492960170825 5.0
4.349857022783156 5.0
3.3536430298279813 5.0
4.251970284703077 4.0
3.8381789041211736 4.0
3.4394679870177773 4.0
3.4020841066568366 5.0
4.16417534504372 5.0
2.267712014868812 5.0
4.328064066584575 5.0
4.193618143698431 5.0
6.047866910144831 5.0
4.979873705267408 6.0
5.9656431998186505 6.0
6.276933762180201 6.0
5.034681904954283 6.0
4.71388445435471 6.0
4.835321815636778 6.0
3.544062472599773 4.0
4.180686291844705 4.0
2.9914728883368107 4.0
3.266237017951317 6.0
4.2726720867378765 6.0
3.249772230432353 6.0
6.223204852174432 6.0
5.211644954088382 6.0
6.349357619914687 6.0
5.2133693742609495 4.0
3.522895658022868 4.0
2.9834217980383446 4.0
5.418546111028258 5.0
4.680917405915216 5.0
3.4956108291710315 5.0
3.795997051139734 4.0
3.8013568254249464 4.0
3.076379725086341 4.0
4.891515888213107 5.0
4.116731277253714 5.0
3.54073348718937 5.0
2.1775400847721182 2.0
2.998645317532536 2.0
3.8832549646595163 2.0
4.952770103730576 5.0
3.3902932355328415 5.0
3.7622738572760444 5.0
4.686016952589078 5.0
2.979140648125752 5.0
3.6208708374477196 5.0
4.502408340038587 5.0
4.548272822723048 5.0
3.903709423928692 5.0
4.4756126357602595 5.0
2.957620123582382 5.0
3.7902428602134224 5.0
4.281889876736456 5.0
4.474986706073431 5.0
5.470185928966148 5.0
5.158098288276029 6.0
5.727871045536176 6.0
3.9107153198519633 6.0
5.79908943249238 6.0
5.203940735258065 6.0
5.021466978687806 6.0
5.152934943629811 5.0
3.5853942249724953 5.0
4.299100399334351 5.0
5.050739238386315 5.0
4.361343313180382 5.0
5.679561347759513 5.0
5.705154654091785 6.0
6.275767521794742 6.0
5.3591844087160005 6.0
3.440323142348115 3.0
4.059513825030094 3.0
3.474926493198727 3.0
2.501373112944766 3.0
2.4083721591722913 3.0
2.1909911631094934 3.0
2.9145296964250758 4.0
4.179242504459645 4.0
5.273450014195511 4.0
5.399139573535512 4.0
5.541208716899357 4.0
5.373540001940694 4.0
2.861387157890729 3.0
5.331517999664056 3.0
3.732843779581997 3.0
3.720863918784988 3.0
3.880399833374939 3.0
4.219560740278716 3.0
3.509442077523869 3.0
2.0840580188449787 3.0
3.098993088290144 3.0
4.631503816934576 4.0
3.669315339700165 4.0
4.4551270444411974 4.0
4.95721054461575 7.0
2.3205132033038147 7.0
5.28139522183368 7.0
3.8306761279517296 5.0
3.2023385388603676 5.0
3.6687371401462037 5.0
3.288192058218204 2.0
2.9545473458102776 2.0
2.5539151158429862 2.0
4.58304124036189 3.0
2.666370174218021 3.0
3.804479412665661 3.0
5.187154343195575 5.0
4.547927855047337 5.0
3.002385697120217 5.0
2.3546548985153097 2.0
1.5601581087361571 2.0
2.1980369347026474 2.0
2.651759683679384 3.0
1.9204645202778226 3.0
1.9915873509186177 3.0
4.271476389272724 0.0
3.43444534039985 0.0
3.2360397151047167 0.0
3.036067090517265 4.0
1.2702625534419723 4.0
2.915232724188535 4.0
2.1003546015758148 4.0
3.0017499713773974 4.0
2.4775161158596424 4.0
4.044373149764136 4.0
3.536250067653165 4.0
4.239401107342309 4.0
2.4395377916991334 3.0
1.690153877578154 3.0
2.248166502780517 3.0
5.564432685007661 3.0
4.38428174403359 3.0
3.8911315214908297 3.0
3.754125846878317 4.0
3.749722223588082 4.0
1.9581574770158197 4.0
3.5652622134634746 5.0
3.2757740851680466 5.0
4.052155503126242 5.0
2.6562149504754244 4.0
2.5897321866613465 4.0
3.160927769315567 4.0
2.091679386099914 3.0
5.552841248051385 3.0
2.7493322552202875 3.0
3.049136505099814 4.0
3.4576615120628946 4.0
3.3618276897267267 4.0
3.124235264476049 4.0
2.4931396353394315 4.0
2.417527674612869 4.0
3.1302243122879108 3.0
3.6016654772111183 3.0
3.1791850098423295 3.0
4.634542597571718 4.0
5.692884291414067 4.0
4.15981965305613 4.0
3.9342469476375754 5.0
2.5785604094884538 5.0
3.930587832301787 5.0
2.620877138407135 2.0
1.886706071553314 2.0
2.1994650819005774 2.0
2.5996634537362127 4.0
1.6795044685768412 4.0
4.956129671344619 4.0
2.062296927377295 4.0
1.3376303000386762 4.0
2.819191029492757 4.0
1.234616047872615 2.0
4.746424057181052 2.0
4.000101947745983 2.0
4.787784601716261 5.0
3.851146918763245 5.0
4.271353765224113 5.0
2.5555990836002103 0.0
1.9513033254700114 0.0
2.438409807964971 0.0
3.2330919495773163 0.0
1.4187055277727372 0.0
1.7692139285149784 0.0
4.6160090206679865 6.0
3.6487820613868056 6.0
5.893565992092136 6.0
3.31371592324923 4.0
5.179511063961437 4.0
2.66283331984581 4.0
5.50560212227052 5.0
6.350297742874881 5.0
5.330335173477248 5.0
2.498921139842769 4.0
1.9664831636411233 4.0
1.7359339628745716 4.0
1.2548973630662221 2.0
1.3840292836068842 2.0
1.5152339613075183 2.0
2.0696344561697257 3.0
1.5581134832764438 3.0
1.3708837690245157 3.0
2.516476721741698 3.0
1.5097493557404653 3.0
1.610624025644849 3.0
2.098850385597932 1.0
2.8362849885499255 1.0
2.9761500693962923 1.0
2.9136084762453134 2.0
3.038739614828773 2.0
2.9873680373559544 2.0
2.2259391545641036 3.0
1.953666992716939 3.0
1.3696095104852082 3.0
0.8175178086958156 1.0
0.7208713539593044 1.0
1.9193143876342311 1.0
4.816830982143436 3.0
4.153877613481541 3.0
1.8985179363851898 3.0
2.891863660718094 4.0
2.64574141466519 4.0
2.5981187014646956 4.0