4.7550902593848825 4.0
5.331459137125499 4.0
5.213886452999957 4.0
4.84241983114712 5.0
4.488509834718643 5.0
5.16986399275188 5.0
3.9713441939715293 4.0
3.2715634320922438 4.0
5.514075256102585 4.0
4.265681183151881 4.0
4.083838416191814 4.0
5.184978575622939 4.0
3.7643708882639064 5.0
4.201706205535312 5.0
4.659658030864274 5.0
4.170950448782734 3.0
4.872094868490229 3.0
3.324554961019154 3.0
5.167879521773158 5.0
3.761230676334559 5.0
5.142661231287754 5.0
2.8696942621558956 2.0
3.1712254620653697 2.0
2.586881497849191 2.0
3.8493272683902218 4.0
5.071968151490768 4.0
4.1998281562446 4.0
2.1247486503763455 3.0
3.7089512914235865 3.0
3.2774650853508156 3.0
5.866229257229906 5.0
5.541014657045009 5.0
5.58856940715214 5.0
4.831398843590445 5.0
5.445420286827766 5.0
3.855210564067703 5.0
3.182080636040249 2.0
4.334190370646956 2.0
4.677067786616538 2.0
4.016155356479484 5.0
3.245111779692501 5.0
3.4963413324729986 5.0
5.29269065151524 3.0
4.689173859463731 3.0
4.244867912554408 3.0
4.930324330759334 6.0
4.873490368138638 6.0
5.9502625955867705 6.0
5.251020906910399 5.0
5.381007486012432 5.0
5.2377778267911275 5.0
5.776767312782605 4.0
5.8494346288790044 4.0
6.060355124378782 4.0
5.749550212857567 5.0
4.797258949373825 5.0
5.8256543294229655 5.0
6.355535357232248 7.0
4.694225482937136 7.0
4.6199311437749415 7.0
3.925018457192464 4.0
4.513325268619537 4.0
4.078154112821971 4.0
2.945685387022267 3.0
4.5330704090279665 3.0
3.10148863597592 3.0
5.878601549905348 6.0
6.218483664602516 6.0
6.211638243029041 6.0
3.62084269271244 5.0
4.465947999873378 5.0
5.5440766223491815 5.0
5.04011908001636 5.0
4.6072651858980755 5.0
3.8545910698758266 5.0
5.800071398922206 6.0
6.252908771596859 6.0
4.794810740997927 6.0
4.78518095812904 4.0
6.2353625123116325 4.0
5.252684704908972 4.0
5.606994993025757 5.0
4.892335458885068 5.0
6.269612920279118 5.0
5.7975782004635965 4.0
5.106827023948867 4.0
3.574804535939621 4.0
5.557615059034685 3.0
3.7378361573631587 3.0
5.4151416835052775 3.0
5.36554788213262 4.0
5.7920155634423045 4.0
6.430897084991489 4.0
5.271587246697499 4.0
4.182326686631389 4.0
4.831188458737059 4.0
4.9772139520755525 6.0
6.259171950377787 6.0
5.761111180618535 6.0
5.047144034519617 3.0
5.768354349466802 3.0
4.012611819705633 3.0
4.454682315110626 6.0
3.8628088278283443 6.0
4.702179013970842 6.0
3.9819727903200093 3.0
4.673183799237331 3.0
4.591209609878122 3.0
5.465095476802168 5.0
4.788338137526999 5.0
4.897929683795125 5.0
5.55022618971564 5.0
5.085604768916587 5.0
5.845832837558907 5.0
5.189348664240289 5.0
5.623026003151432 5.0
5.835853374029217 5.0
4.833405696405888 4.0
4.572893434405663 4.0
4.091005086316892 4.0
4.78140753557814 3.0
4.08278799798323 3.0
2.0884156213380765 3.0
5.381155674204106 5.0
4.23654107728927 5.0
3.4409751971121274 5.0
4.3267755250310005 7.0
6.127650204948478 7.0
4.404478459100074 7.0
4.399352733508104 3.0
3.998664285657816 3.0
5.08191595322292 3.0
2.2105699197063897 1.0
4.040738073670375 1.0
4.47951305627739 1.0
2.409553324697673 4.0
3.637821911717032 4.0
2.863577132269201 4.0
5.446609836367118 4.0
5.12308446042114 4.0
4.110795050543508 4.0
1.5992292348494968 4.0
1.5567010086860162 4.0
3.9961486417718284 4.0
6.586287785250561 6.0
6.262478088060744 6.0
6.030422627337003 6.0
4.8880968057802825 5.0
4.647245970657702 5.0
4.7355175348259415 5.0
3.8541666304412634 4.0
4.650427642399027 4.0
6.192026443651384 4.0
4.519622135127929 5.0
4.439246334834462 5.0
4.123348082782285 5.0
6.2229167228329345 3.0
3.781611710380645 3.0
5.502035108155656 3.0
4.904352522512386 4.0
5.017880916132583 4.0
5.052557765019902 4.0
5.172895849085535 3.0
5.480949742203726 3.0
4.3163042085737615 3.0
5.314746847165936 5.0
5.876200443718639 5.0
4.675004288981277 5.0
5.411321894871084 5.0
5.786365507743204 5.0
5.814828948908171 5.0
5.390695189526343 3.0
3.2787011711410736 3.0
3.4061997927100256 3.0
3.387222816651392 1.0
4.1415583215768565 1.0
3.3693376338092014 1.0
2.5972194706994105 3.0
3.5627149297031218 3.0
4.423463950223299 3.0
2.2111169224572538 3.0
2.2803458827152965 3.0
2.2319223374074175 3.0
2.7092542349726108 1.0
1.3652794504710017 1.0
2.0848776554540565 1.0
2.174355905633835 3.0
3.409280882101629 3.0
3.368089720294099 3.0
4.33791380676237 5.0
5.6779022594163795 5.0
5.6452468700845415 5.0
4.33923809277276 5.0
4.688075547309096 5.0
4.391360210847621 5.0
5.383733618352033 6.0
6.05712915943455 6.0
3.84458699834103 6.0
2.2089050401350536 0.0
1.4747188624631258 0.0
2.0831690654676844 0.0
0.52449566697734 0.0
0.4657847953708525 0.0
2.4799435437487367 0.0
1.6644599587180824 3.0
0.8369830487141446 3.0
2.90475686508823 3.0
1.1146915851915753 1.0
1.9096559753558928 1.0
1.0921841046054912 1.0
1.9324639091648768 0.0
1.7719269633319228 0.0
2.6220222734544607 0.0
1.8069699815402385 2.0
2.8419651149969467 2.0
4.522964853431629 2.0
1.9899848827773636 0.0
1.2854083346717915 0.0
1.989302359806885 0.0
3.3135486355442945 5.0
4.906349193612857 5.0
5.48695953292529 5.0
3.1845309237503647 3.0
3.704478652031801 3.0
4.958462080261413 3.0
5.035401965149445 5.0
2.908063021643305 5.0
1.8553720550526402 5.0
5.270742660961514 6.0
5.24345563453455 6.0
5.588332786931467 6.0
3.6722427203536934 5.0
3.8927357033799024 5.0
4.761746565484527 5.0
2.646274752030101 3.0
2.291082861421105 3.0
4.274959562991291 3.0
4.709530926526756 5.0
6.070748304580103 5.0
4.460366132263771 5.0
4.181978953886438 3.0
4.529191847202703 3.0
4.200161332725941 3.0
4.496297173970789 6.0
5.341764971494654 6.0
5.820041189725624 6.0
2.536996152891188 3.0
2.6514810808768736 3.0
1.2480396828338076 3.0
5.257587982219307 5.0
4.1270654388945065 5.0
4.370778501081628 5.0
2.521528086537086 3.0
2.556940411208936 3.0
0.9318881497115159 3.0
2.325290558128804 0.0
1.3806452043127475 0.0
3.331990192925229 0.0
3.4608700334039306 5.0
4.077644269869426 5.0
4.158835285494581 5.0
3.4322005937243465 1.0
2.7776174570550514 1.0
1.2855148563637724 1.0
5.809677259886873 5.0
5.8540222779667115 5.0
5.5753645537093215 5.0
2.240181227093276 2.0
2.526974604021609 2.0
2.4645940959988817 2.0
4.5730049105699 5.0
3.5131272572071714 5.0
4.190037555195906 5.0
1.8721381187684674 3.0
3.076649815687161 3.0
1.0736532690779832 3.0
3.6883818829451807 5.0
4.104618006823287 5.0
2.962767249775239 5.0
2.6007598241578096 1.0
1.627443331283642 1.0
1.5593438858559143 1.0
4.476705674514637 4.0
3.0709740206911427 4.0
2.5669031994035714 4.0
3.350211816474073 4.0
3.8935542309616586 4.0
3.9004865496887002 4.0
2.082841027811066 3.0
2.7235631589019156 3.0
1.737430023216076 3.0
4.257630635414203 7.0
5.626675093214146 7.0
5.366421275279757 7.0
5.107140293000763 4.0
5.009890188981474 4.0
6.341271335274517 4.0
3.4432008249254307 3.0
3.435043352846146 3.0
3.3670254583774355 3.0
4.474522165944462 5.0
4.801399153522739 5.0
3.924881171002953 5.0
4.069259230045365 3.0
3.7102549828542104 3.0
3.6236610411505272 3.0
2.397623298819554 2.0
4.156392585286063 2.0
4.598438074247222 2.0
6.102610041589759 5.0
5.050220528080845 5.0
4.032136788754272 5.0
4.110906574617011 5.0
3.6398462131100207 5.0
3.275859560473399 5.0
5.275945138774806 5.0
4.436399146431842 5.0
3.5182080119634414 5.0
6.34014767433861 7.0
5.28069233906846 7.0
6.2968736774384935 7.0
1.7931953231417075 2.0
3.3100510313121148 2.0
3.538417995667302 2.0
6.0342388940338765 7.0
4.909745973942459 7.0
4.9581447414346815 7.0
5.424754561003699 7.0
5.512880991000363 7.0
5.630379547790724 7.0
5.911379340663309 7.0
5.657468352580251 7.0
5.6353935140128515 7.0
3.6129398757873257 4.0
2.6991740097698242 4.0
2.6494069315320763 4.0
5.026000751982475 5.0
4.998715804633688 5.0
4.9245006841555945 5.0
3.359372735363683 3.0
2.331359766307911 3.0
1.1423043381333624 3.0
3.866571889257876 2.0
3.7682488723125265 2.0
2.5532399250807205 2.0
2.0002837569173044 2.0
2.2525757691327706 2.0
1.9205248623184672 2.0
3.215527702435228 4.0
2.2482857945376944 4.0
4.014647564983451 4.0
5.565257420895807 5.0
6.152033581738573 5.0
4.312968283916202 5.0
5.118581003837075 4.0
2.797357244982882 4.0
3.767097062279673 4.0
5.525682722191118 3.0
4.7016326552635785 3.0
4.516067985960002 3.0
5.33032824304807 4.0
4.646306649074415 4.0
4.972387640938911 4.0
3.134569782827123 4.0
2.979830252102521 4.0
2.0925223948737903 4.0
6.295954195294703 5.0
5.081406169476871 5.0
4.644140580951428 5.0
5.501965763282084 5.0
3.259952490491976 5.0
3.56650309978106 5.0
2.0258566138873064 3.0
2.161397254708844 3.0
1.5742172418256717 3.0
2.6583212218843837 3.0
2.820429105408349 3.0
3.3449301145789523 3.0
3.330588218728633 4.0
4.525005276775609 4.0
2.5894133610893233 4.0
3.683180158355143 3.0
4.683415339739068 3.0
3.446732140261272 3.0
4.086920222993778 4.0
3.4942225011277173 4.0
3.6548919977522467 4.0
3.800841908908643 3.0
2.918388320117815 3.0
4.664159672364647 3.0
2.4936270572913095 3.0
4.436585018191618 3.0
1.3942107235689456 3.0
6.087089912796873 5.0
4.611326186448091 5.0
4.605191352311428 5.0
4.459273965529205 4.0
3.3023652145537 4.0
3.9937964188677015 4.0
5.265311496254294 4.0
4.284287805846935 4.0
4.7452864975812385 4.0
3.8377827485602154 4.0
3.953367825179591 4.0
4.946929441992104 4.0
4.5743085153008085 6.0
4.587536848631858 6.0
5.674671260502942 6.0
4.981468645395579 5.0
5.041803122110918 5.0
4.3704189592210785 5.0
3.786380934975856 4.0
2.967201680437122 4.0
5.243506185970987 4.0
1.2393022831391292 4.0
2.9281066484784395 4.0
3.773487308499344 4.0
4.627452223750529 5.0
4.6373462136612815 5.0
5.018762628525072 5.0
2.2944658005901313 2.0
2.0477678225071716 2.0
1.741281678363722 2.0
4.020483174345559 5.0
4.753881995425516 5.0
2.1123368488397234 5.0
3.416465420743511 6.0
2.9090467652530387 6.0
3.8205426614478175 6.0
5.104940750109143 5.0
4.59301552173699 5.0
2.7561501487209625 5.0
4.221603580472037 5.0
3.0631653347062233 5.0
4.51190143428402 5.0
3.9428854587025084 6.0
5.689146815555404 6.0
3.2968431544416523 6.0
3.5093140126366964 3.0
2.609193482519531 3.0
4.702983600963097 3.0
3.613822301916096 5.0
4.663179690667955 5.0
3.600890011329531 5.0
2.945544588853181 3.0
4.182156555846814 3.0
1.118661694613944 3.0
2.1744116350574263 3.0
3.6076627466895275 3.0
5.085289494581485 3.0
2.692109260346443 3.0
2.5829452351489293 3.0
1.800957017824928 3.0
3.901044469372151 5.0
4.52531591459989 5.0
3.659081500488375 5.0
1.7876768051272138 3.0
2.415068102748498 3.0
2.520024667880512 3.0
2.7987216496448397 3.0
3.4573544643526968 3.0
4.240658245209603 3.0
3.3312967239729536 5.0
4.3937051743964695 5.0
2.7586241381339494 5.0
2.387462342686185 3.0
2.133783574783649 3.0
1.4543435304234567 3.0
3.275773333858213 3.0
2.3018461369862355 3.0
1.3843774667315607 3.0
3.1740987423406013 3.0
2.3769959006198853 3.0
1.6094750806658185 3.0
3.4794799676267756 5.0
4.001093318772884 5.0
3.2586356306304975 5.0
5.005939924616859 4.0
3.791506302953562 4.0
4.531842159402741 4.0
3.4092636071337914 3.0
3.4838029038733254 3.0
2.695540654365852 3.0
3.6616207000379384 5.0
2.056621985393311 5.0
3.304896577584846 5.0
3.0999166070301785 4.0
3.215100966881917 4.0
2.7721122306061248 4.0
2.7628835770612032 2.0
2.160324626130916 2.0
2.0394389611120713 2.0
2.4829263485490936 0.0
2.464377747705319 0.0
4.175557812328043 0.0
2.6749805506215933 0.0
4.312709774357408 0.0
4.101666520016887 0.0
2.1931104730976765 3.0
2.225064103554793 3.0
2.192262659621657 3.0
4.702071932984116 5.0
3.678074605576535 5.0
4.534063742914505 5.0
3.75819321098037 3.0
1.8531909510589053 3.0
1.8947828910213922 3.0
4.155014385608146 3.0
4.44351092472613 3.0
4.692194580583754 3.0
3.4326957338858084 4.0
3.8022685942315775 4.0
5.342079735883566 4.0
1.4596601145985824 4.0
2.437423148198209 4.0
4.543925253880017 4.0
2.3737075652332504 1.0
2.524649545351808 1.0
3.09832693034599 1.0
2.1832676159049313 3.0
3.8567360116345615 3.0
4.387018115255642 3.0
3.0682558452808624 5.0
5.246695139775665 5.0
4.4352836534988995 5.0
2.490926633559635 4.0
1.6124756715406967 4.0
1.51904776163687 4.0
3.439317025461356 3.0
3.6158559513828754 3.0
2.682735411271483 3.0
3.629047239229021 4.0
2.9382039076666624 4.0
0.9973425689687982 4.0
5.21936187499797 4.0
4.092141222245409 4.0
4.933138478235063 4.0
2.55616619201559 4.0
2.480694010919216 4.0
3.4158450372344866 4.0
4.501058992305291 5.0
3.7268631803850156 5.0
4.5141485346242485 5.0
1.1483432716520343 0.0
2.0322194384401127 0.0
2.863183548436806 0.0
2.2652582913037103 2.0
1.3132527071380775 2.0
1.382081945057796 2.0
2.2576060517975964 3.0
2.5847699494681073 3.0
2.663868108216807 3.0
1.8467190815271546 2.0
1.4928355705645426 2.0
1.3918970198897123 2.0
2.6304795770112435 3.0
2.8576346960108188 3.0
3.5722949866227975 3.0
1.674959203030058 2.0
1.5822812143398628 2.0
2.30076792987982 2.0
1.9413564505994731 3.0
1.8734333955946554 3.0
1.5960280317431852 3.0
3.6631728431359143 1.0
1.5478662662322535 1.0
1.6728041312731958 1.0