5.470643540961116 3.0
3.454579693977252 3.0
4.988292306468844 3.0
5.45652791410833 5.0
4.184935256460012 5.0
4.8360044093025545 5.0
4.9659187684078825 5.0
5.311027334237626 5.0
4.471293844895308 5.0
2.6239834323398497 4.0
3.990940102118673 4.0
4.134612418423648 4.0
5.044535783932392 7.0
5.413587452113567 7.0
5.937695329432224 7.0
5.867752661590984 6.0
5.489158947594757 6.0
6.277398617563948 6.0
4.3407149700481735 5.0
3.4581846465919788 5.0
2.7079645374495125 5.0
6.33859500721561 4.0
4.596185705260062 4.0
4.279745200674534 4.0
3.7350450782880493 7.0
5.277524816541213 7.0
4.067622482616068 7.0
4.681511614785597 5.0
3.844399809694523 5.0
3.6080087413904325 5.0
3.4257982038015475 1.0
2.460462840248978 1.0
2.34581942397542 1.0
3.8016154786411334 3.0
3.4039451778211043 3.0
3.8582726467683006 3.0
3.292357057838876 4.0
2.8313814330743305 4.0
2.0355093079040523 4.0
5.9258103663840425 5.0
5.6204021605862655 5.0
5.659896564136622 5.0
5.770756774963833 5.0
4.891684454062942 5.0
6.465537247110375 5.0
5.648781730246777 5.0
5.37983823536116 5.0
5.701769641443337 5.0
5.515824830901476 5.0
4.7346107603320675 5.0
4.448178146914469 5.0
5.211420746096832 5.0
5.232785688201769 5.0
3.6075696899337455 5.0
4.199651731236857 3.0
4.3296583046867 3.0
2.4287352064868823 3.0
2.5887435731504183 4.0
1.9100222294273366 4.0
3.380474862503795 4.0
5.514816980663478 5.0
4.60782341487207 5.0
5.283689345617593 5.0
3.4705296149964626 4.0
4.2808793671741086 4.0
4.022602143214115 4.0
4.996348337842561 5.0
4.394048233148554 5.0
6.01659237580103 5.0
6.2134592924803735 5.0
5.052225335768091 5.0
6.140517518068257 5.0
5.526753464891626 5.0
5.007627000645379 5.0
5.771127093764825 5.0
4.990679731452877 5.0
3.9234058852527984 5.0
3.8253701934058193 5.0
3.725994273422315 4.0
4.875145941602538 4.0
4.374970812334988 4.0
1.9252305221573909 3.0
3.3146447154461396 3.0
3.7327333341770395 3.0
4.139695969557937 3.0
5.566084474934569 3.0
4.677859697820236 3.0
1.9755480055369314 3.0
3.957139194591894 3.0
2.053600840627133 3.0
5.083918582530953 5.0
3.8716713633188946 5.0
5.301956637620342 5.0
3.4780226557652285 3.0
3.2780830911776855 3.0
2.5395031985404652 3.0
5.066460451390463 4.0
5.527736728755594 4.0
4.5570924954952625 4.0
1.937078908887347 0.0
2.22247793945958 0.0
3.497920594010578 0.0
4.264952940767692 4.0
3.811908853810358 4.0
3.319975087916733 4.0
4.973010261026446 3.0
4.413549443434573 3.0
3.535648568411066 3.0
4.0787384400976086 4.0
3.1442792208146777 4.0
3.89323227875291 4.0
5.534011583446678 7.0
5.317306769509779 7.0
5.965808967240029 7.0
4.187906662109563 7.0
5.676638439040684 7.0
4.568113135752583 7.0
3.641766333041501 2.0
4.273138513558121 2.0
3.98994099090398 2.0
4.856594487282044 4.0
4.2705006237474326 4.0
4.588726803127085 4.0
5.788766171051605 3.0
4.422705582725437 3.0
2.908365665652971 3.0
5.127512883197312 3.0
4.583487079648122 3.0
4.984691194194662 3.0
4.405683300656847 3.0
3.774387368030051 3.0
2.4112746595614274 3.0
4.075921311038856 5.0
3.345694151500751 5.0
3.3672997511840603 5.0
4.18508782016141 3.0
3.815015008436872 3.0
1.7124699528087397 3.0
4.215724225634143 2.0
3.202817825266103 2.0
5.016927917178502 2.0
2.5631240899550978 3.0
4.298820747466075 3.0
4.39183280600643 3.0
4.001304687103969 5.0
4.3483389650067314 5.0
5.360665274507607 5.0
4.410691646717842 4.0
4.131543412725366 4.0
4.670455651154924 4.0
3.8547152227349697 2.0
3.4861641068556133 2.0
4.740706433690059 2.0
2.989836017476254 3.0
4.1182834838109725 3.0
4.0292771013343645 3.0
2.3822666194644513 3.0
2.2629955549475924 3.0
2.2278093070469964 3.0
4.374909866182204 6.0
5.527527612250647 6.0
4.117371164552584 6.0
4.423535109435399 4.0
3.0113378591039495 4.0
1.9861195596126195 4.0
5.538842834214022 6.0
4.534903716742557 6.0
5.933692123627344 6.0
3.8145480570753088 5.0
4.89374106826632 5.0
5.403703220200281 5.0
1.906081262781649 1.0
1.8859951725568846 1.0
1.3752003464213614 1.0
0.33418956403612754 0.0
1.3076112212188717 0.0
1.097107377624444 0.0
3.599126170998896 5.0
4.289382630084859 5.0
3.5752228596135947 5.0
1.08066979193118 3.0
2.0382809980143306 3.0
1.8986542650446985 3.0
3.899543311172529 4.0
1.8258503005460192 4.0
4.140502716730071 4.0
0.6283003759387465 1.0
2.612280248256551 1.0
2.492942457036683 1.0
1.3552351529771924 3.0
3.3196841388592366 3.0
3.467512152715838 3.0
3.785705184376089 4.0
3.5153887967260387 4.0
4.930340965773757 4.0
3.635834394941848 2.0
4.493765240177692 2.0
3.549051930430429 2.0
5.586958629985693 6.0
5.170203583593503 6.0
4.812480155147827 6.0
3.552736519634935 4.0
4.057072284684256 4.0
3.852314828905844 4.0
5.1592454800875664 4.0
5.870099061471683 4.0
4.681818300233041 4.0
5.375178371156978 5.0
4.800140108005784 5.0
5.2759018517512715 5.0
4.68119529356967 5.0
4.720288229728451 5.0
6.000695046447357 5.0
4.786646229656387 5.0
4.748669337555929 5.0
3.9228468438184447 5.0
3.4222091503137384 3.0
4.435505674459 3.0
3.056184716237363 3.0
3.1217131158859086 4.0
2.818646634983429 4.0
2.9330538204795062 4.0
3.898438980655003 3.0
1.7560022274129066 3.0
4.5313719613677 3.0
2.6045253925217753 2.0
1.1484204714714792 2.0
1.9996809234860673 2.0
2.515160659205076 3.0
2.6388159678809715 3.0
1.3914230648156052 3.0
1.8735835673589192 3.0
2.3257923714461914 3.0
2.2475115407959163 3.0
2.021065778293348 1.0
2.0536675176338743 1.0
1.9468808233838182 1.0
5.763735412456988 5.0
4.600699170889388 5.0
5.426080105353651 5.0
4.1378354351150834 3.0
3.675045512896288 3.0
5.108533449093457 3.0
2.991688584871525 2.0
2.187580907015036 2.0
1.4624057989688906 2.0
1.4952599723275015 3.0
2.4213904485509414 3.0
1.6022742848048936 3.0
3.815749097388543 4.0
5.099170823779823 4.0
5.450721870859777 4.0
4.164102144977032 6.0
4.730869205216601 6.0
4.752170171589271 6.0
4.635531086193276 4.0
3.856306583759765 4.0
5.50283963120945 4.0
5.777980930604466 4.0
4.126077539531368 4.0
4.335708677846111 4.0
2.4926134098173374 0.0
2.098412298577278 0.0
1.9543935432235704 0.0
2.6838167017923253 2.0
4.147870095670159 2.0
4.734139632593679 2.0
4.660024922027494 5.0
5.464500483123795 5.0
4.324110421480205 5.0
4.73315497193076 5.0
4.035938527545462 5.0
4.765664221362387 5.0
5.1762020841585965 5.0
5.5341588312185985 5.0
5.783352942616683 5.0
4.042276679536788 4.0
3.926002145734101 4.0
4.142784978708707 4.0
2.6498386239338165 3.0
3.746691496008878 3.0
4.852148127534804 3.0
2.25972971545831 1.0
4.149428368034865 1.0
4.985405482584339 1.0
2.833100501990761 5.0
5.981152604564683 5.0
6.200055319488337 5.0
4.13433444374726 3.0
4.698622411461418 3.0
3.266838651931165 3.0
5.475152679793298 3.0
4.224474897102359 3.0
4.836682983833478 3.0
3.1207059309687817 3.0
3.201031952116303 3.0
3.8634974708015584 3.0
3.8638372396378027 5.0
4.909901738277591 5.0
3.2308847175233515 5.0
5.381302761406418 5.0
4.463625646090592 5.0
5.914068946899569 5.0
5.693343590289359 5.0
5.4570131733479 5.0
5.079543017522724 5.0
1.7526432459733692 2.0
2.116435142348935 2.0
2.896593119812689 2.0
3.7387882682268967 4.0
2.9693100404924273 4.0
4.0221216630583605 4.0
2.3094721561139537 4.0
2.338459008585088 4.0
2.305469280632316 4.0
1.7067807286323748 5.0
3.043063068622716 5.0
4.474195701548535 5.0
2.2631938074380376 4.0
2.43406041277459 4.0
3.267840585801338 4.0
4.200240471116842 3.0
3.0751785309611512 3.0
2.2747415693799713 3.0
4.259831978669831 5.0
4.958746902626987 5.0
4.9071905315222395 5.0
4.153330325946895 5.0
3.932616748446476 5.0
3.5356619392745317 5.0
3.7380836981944245 4.0
2.881221624578763 4.0
2.9807759995379044 4.0
4.403281258931642 4.0
3.4515004569203844 4.0
3.0864684309036807 4.0
2.9469756699724736 2.0
3.73938829035594 2.0
6.075693667616197 5.0
5.2408792945475495 5.0
5.9471991068040735 5.0
3.4988171204758345 5.0
3.571472881019132 5.0
3.3876808904754965 5.0
4.352173838930512 4.0
4.572369352711723 4.0
4.74054529225343 4.0
5.337112076634642 5.0
4.580762605414163 5.0
3.509715025133094 5.0
2.3858884814455172 5.0
5.0748301111033385 5.0
3.521975275212144 5.0
2.405473355922708 4.0
3.8607451865200177 4.0
3.142795584952868 4.0
3.266326753337332 4.0
4.537941716750838 4.0
3.1568143797721766 4.0
4.300131745547699 5.0
3.4272283388910347 5.0
4.2612385938192405 5.0
3.3337076889946107 0.0
2.7514015259287157 0.0
2.0496200029508778 0.0
2.6847316892315694 3.0
2.668016593831199 3.0
2.626684574477329 3.0
2.3605943236476925 3.0
3.6652547413606476 3.0
3.16182355437349 3.0
2.759697833241099 4.0
3.859357849332826 4.0
3.92136835892526 4.0
3.8978747451821607 4.0
3.9933280154475637 4.0
4.011172996950773 4.0
5.973699246546635 5.0
5.681767058463397 5.0
5.555802239216989 5.0
3.472615429976104 5.0
4.015257060338573 5.0
5.422518850771157 5.0
4.394792966352189 5.0
5.240040344820485 5.0
6.0275647161805805 5.0
3.111506499194767 5.0
3.7132760716063844 5.0
4.543557508861165 5.0
5.098683677784342 5.0
3.6383592393499353 5.0
3.950664901403249 5.0
4.463460981734727 5.0
5.743893885361545 5.0
4.419960148236968 5.0
3.9833862459786133 3.0
5.311292706198419 3.0
4.865888049374642 3.0
4.053157102605848 4.0
4.238512236250737 4.0
4.009025299005227 4.0
4.014723906714879 3.0
3.662182029158193 3.0
3.3676719896439478 3.0
2.6205510074993263 3.0
3.1337813550012403 3.0
1.8695822614451378 3.0
5.604369853145839 5.0
5.662958387134103 5.0
3.91453526607078 5.0
4.6344920809559005 4.0
4.8908577016220365 4.0
4.153855524318716 4.0
2.3747658582731157 4.0
2.7193641507733783 4.0
2.4660615127588654 4.0
3.5952091601925447 3.0
3.0389773779640437 3.0
2.352291485164352 3.0
3.644426888413248 4.0
3.917817221773801 4.0
4.4316179181098505 4.0
2.440322139710742 3.0
3.4348190108466086 3.0
4.002065796431137 3.0
2.938815687424728 0.0
2.947091609400602 0.0
3.3564243006960583 0.0
4.033862871794105 4.0
2.2679594392159643 4.0
3.4772046247014075 4.0
3.3205632423346816 3.0
4.84147376420906 3.0
3.9116254535501436 3.0
2.2246927225806377 3.0
4.114080484709293 3.0
3.0490187074202253 3.0
3.409169792903562 3.0
3.7082291130742697 3.0
2.0797793103704545 3.0
2.064826083967018 2.0
1.6957937844059712 2.0
2.3584940682440343 2.0
5.181315977422805 6.0
4.587794678887762 6.0
5.358505935926358 6.0
2.2050548340010034 1.0
3.734184419731385 1.0
3.037879057887027 1.0
3.321243989434891 3.0
3.1991392727558026 3.0
2.965937013809466 3.0
1.3839927679490445 1.0
2.8154809839408075 1.0
1.8948742113175174 1.0
5.219873156484012 6.0
4.524220400162652 6.0
4.912375952772407 6.0
4.9500438120334485 5.0
4.935002692422754 5.0
5.8810646567388005 5.0
3.009935389941539 3.0
3.057351213838879 3.0
2.0623225381357413 3.0
2.4828990762145207 2.0
4.108131249967659 2.0
3.0250202837915627 2.0
4.743769671247669 3.0
3.5090062116583045 3.0
2.5202039770114237 3.0
2.630799038178288 4.0
3.2207046873004503 4.0
2.5642181106260007 4.0
3.4515220760306566 3.0
4.10644215624144 3.0
2.4333417637390156 3.0
3.8640044222070142 5.0
4.076032792145636 5.0
3.889002465028235 5.0
1.6617450120918906 1.0
1.82274210320823 1.0
1.9884359839838253 1.0
2.127683094864595 3.0
3.836368658672553 3.0
2.4700897956222496 3.0
1.0988090526224432 5.0
3.912348739719916 5.0
1.4607345885502045 5.0
3.6495466459862462 3.0
3.885589351779661 3.0
3.4958930591235213 3.0
4.677778644407029 7.0
5.153835561264761 7.0
5.275462136574038 7.0
2.1455636028135685 2.0
3.4244171980069096 2.0
1.807973450063034 2.0
4.375229165369937 5.0
4.77336722393332 5.0
3.8851883813767816 5.0
3.1104342805500163 3.0
2.749301082859008 3.0
1.7351408385853182 3.0
1.435807098411326 1.0
3.4575685894708936 1.0
1.1010388166485086 1.0
4.789949316697252 5.0
4.086833714161697 5.0
5.081242001842902 5.0
3.719004612772758 6.0
5.218938887805097 6.0
5.024163653410864 6.0
1.647423517923956 5.0
1.8626063454858672 5.0
3.7907554177037945 5.0
3.789331071652994 6.0
3.1924734848482306 6.0
1.8408842801736547 6.0
2.691392971963239 1.0
2.3694749128468775 1.0
0.8414392417301302 1.0
3.188911669435468 5.0
3.71189212603541 5.0
3.167552992669834 5.0
1.8816903743695297 0.0
1.4395861529160559 0.0
3.711074577057633 0.0
3.048405802267945 5.0
2.9623464594659223 5.0
5.764432665045371 5.0
1.3710130935884475 2.0
3.429897021215304 2.0
3.021316020199944 2.0
3.0101354881003144 4.0
3.894224478195102 4.0
4.205727574473266 4.0
2.2803632344459874 0.0
1.431103689401189 0.0
0.9661620412573951 0.0
4.199768923555846 5.0
3.639802819963777 5.0
3.9895938671681086 5.0
2.826775059082558 4.0
3.0909779575486915 4.0
1.471839337998673 4.0
1.8055605567210011 3.0
2.172255516827986 3.0
1.8083884088353257 3.0
1.417233402679253 0.0
2.1504977997028245 0.0
2.5818281503434632 0.0
2.889363322588029 5.0
3.9428529861210118 5.0
2.996285804274562 5.0
3.128704552683094 5.0
3.8303440056272517 5.0
2.334721653420098 5.0
3.8394631723752286 4.0
3.91151910979383 4.0
4.462923499440331 4.0
3.6877716239534406 3.0
2.951800205070982 3.0
3.604388179501186 3.0