3.6546074871099696 4.0
4.183886753453336 4.0
3.112585186307781 4.0
4.141837662235708 4.0
2.335929934376759 1.0
2.655495648488019 1.0
3.1344865701342295 4.0
4.361038330318558 4.0
4.076399638954657 4.0
3.888625955026402 4.0
3.6532002267838104 4.0
3.2561240899053274 4.0
4.126848786986345 4.0
3.174086031596725 3.0
2.763389414428083 3.0
3.822819585574692 3.0
1.732297165303517 0.0
2.6456826474362964 1.0
3.6442942018842004 4.0
2.38071711868296 4.0
4.243500108430472 4.0
1.8827129277468297 2.0
2.9155495031396272 3.0
2.526026864555436 3.0
2.8321807029549237 3.0
2.068158521117409 0.0
3.023302901137799 3.0
2.395270276194714 3.0
2.450265832330352 3.0
3.0897980659767708 2.0
2.5800578901575983 1.0
2.8603433510073693 4.0
1.2284309528522601 2.0
4.2815069074298036 4.0
3.316636355708053 3.0
3.9081051671358225 4.0
2.5333363632697914 3.0
1.2997835014712353 1.0
3.73360659521909 4.0
3.487888478755761 2.0
2.021619529695565 1.0
3.902785016434591 4.0
4.286513299299122 4.0
2.7499604183580084 4.0
2.2971707497707223 1.0
3.399884554997426 4.0
2.520778958082566 1.0
2.6557206560895983 3.0
3.5173808662127435 4.0
4.4104569333061185 4.0
2.041329651057001 0.0
3.6626320717765077 4.0
3.630916727313145 4.0
3.8766026823559443 3.0
2.7247393080139464 4.0
3.4207514249158004 3.0
2.4147567016152918 0.0
3.4349317358662086 4.0
2.486516769365724 4.0
3.009433360900953 4.0
1.7067430734116624 1.0
3.5572822084657005 4.0
3.9080978429146 4.0
3.2554680185644562 2.0
1.9841683658653366 0.0
3.6619603263981997 4.0
4.25928127467816 4.0
4.119895912250997 4.0
2.611790960205022 3.0
2.4824241223031285 4.0
2.355957754568532 4.0
4.068860321623497 3.0
2.147871828579934 0.0
3.2131145627375535 4.0
3.980652974871165 4.0
2.72323022524239 3.0
3.3317496937036744 3.0
3.889847308442799 4.0
1.4898056345649158 2.0
2.9576701157868186 3.0
4.1543451368558575 4.0
3.571059369878304 4.0
1.413333240247015 0.0
1.4991165425369086 1.0
1.909346564001229 3.0
2.0465643560403066 1.0
1.9114001285772337 2.0
3.9587004162300072 4.0
3.601655571848525 4.0
3.2155810488919965 3.0
3.043554889739166 4.0
2.909120750565564 3.0
2.7182424956504994 3.0
2.7694570838341557 4.0
3.220214246767462 3.0
3.506684428238742 4.0
3.3502225222981235 3.0
3.969157469396637 4.0
2.539697766981419 3.0
2.146230407314695 0.0
3.854267091241173 4.0
3.085373810675458 3.0
3.2670916388253914 4.0
3.249490514777965 3.0
3.043312874193817 3.0
2.0137407393995663 0.0
3.871025510812161 4.0
3.8907725202795156 4.0
3.9032601868266816 4.0
3.414295800526281 4.0
3.259578585708529 4.0
3.610699448325197 4.0
2.787890240896198 3.0
3.4411013512387356 4.0
0.8035099154140375 1.0
2.0215064325380205 0.0
3.864816367817106 4.0
4.092046958082104 4.0
3.8514491363520396 4.0
2.2741292000296074 0.0
3.158340093686684 3.0
3.4252137457561673 4.0
4.427577925818935 4.0
2.4279534138466348 1.0
3.7740434398631972 4.0
3.4599737941746875 4.0
2.9891241468981224 4.0
3.4342835819153548 4.0
2.3778371121669473 3.0
1.7233759574934178 2.0
1.4044554287983249 3.0
2.8309633614955985 4.0
3.8089730986632 4.0
3.548498107600893 4.0
3.3462297168695603 4.0
2.9501808393016775 3.0
3.668264320541116 4.0
2.775433865404854 2.0
2.5316259342754215 2.0
4.024649011045478 4.0
1.7305080945265017 0.0
2.726627330200774 1.0
3.4030061973789687 4.0
2.575381415323534 3.0
3.46967861605272 3.0
2.7942833000078497 4.0
4.168271898365462 4.0
3.0961406790940593 4.0
3.110695155131676 3.0
3.5408833540917746 4.0
3.111821489134071 2.0
3.044784389925498 3.0
4.282722499405243 4.0
1.606493025032381 0.0
3.460485514585443 4.0
2.5641522811429045 4.0
3.954112688879853 4.0
3.911834157971729 4.0
3.6660905016939207 4.0
3.013155869318112 3.0
2.9637603187902304 4.0
3.3472592003504857 3.0
3.9775110856661495 4.0
2.4760804605240816 1.0
3.4401298653506984 4.0
3.4385456948718645 4.0
4.0668559760335565 4.0
2.6914612733758414 2.0
3.505447142936127 4.0
3.838094730515415 4.0
2.151617164204069 1.0
3.2354158215530937 2.0
3.7099110102514814 4.0
3.954352286161984 3.0
3.9642702789110773 4.0
2.5485034443957257 4.0
2.926871250089288 2.0
3.6185482949228787 4.0
1.342074760007681 0.0
2.6933937313807244 4.0
3.44355304114387 3.0
1.5349608818776854 0.0
4.057605569404224 4.0
2.0874545461580905 1.0
3.9675960266355625 4.0
3.4993208696271836 4.0
1.1950544674230805 1.0
1.9362562715616973 1.0
3.290700741288793 4.0
2.572846769376838 4.0
4.1719561967452385 4.0
4.086705372273207 4.0
2.0362639130041935 0.0
3.8189853360269703 4.0
3.197347384581099 3.0
0.5938702357678416 1.0
2.062924607942101 2.0
4.093394550362712 4.0
3.489597023085281 4.0
3.489543009137063 4.0
3.2484182083755195 4.0
3.643660159307302 4.0
2.8330371560307244 4.0
2.1643589808176227 4.0
2.8501402402493357 3.0
3.252384638349784 4.0
3.49763556743003 4.0
2.6714217674071747 1.0
3.7759154883884687 4.0
1.998622901128221 3.0
2.723157933189235 3.0
3.381211047587505 4.0
2.2805668636737835 3.0
3.6499120170553354 4.0
3.8622312922582465 4.0
3.1431450247081836 4.0
4.189037329790675 4.0
3.06607662547622 3.0
2.116879411522773 0.0
2.1868107616469823 1.0
3.5430092255101675 3.0
1.5098874236441517 0.0
4.0997562765620215 4.0
3.69883145071808 3.0
-0.599125403807262 0.0
3.332208571547092 4.0
4.271203168998425 4.0
3.6513620619606737 4.0
2.676934778500547 2.0
3.0100915991507904 4.0
0.7633148663287046 0.0
3.5175104367023016 4.0
3.4269716452828325 0.0
3.703166777762684 4.0
2.235892829896046 0.0
2.1534189987198706 4.0
2.8215628855507147 4.0
3.4873512865667076 4.0
3.484210729827457 4.0
3.856642835123605 4.0
3.8213104451923927 4.0
3.475602501461136 4.0
3.7043256761386747 4.0
3.3563115234648313 3.0
2.180972006688217 2.0
3.9147996126687667 4.0
3.8415451533973695 4.0
2.1752276511095294 3.0
2.8105603565937862 3.0
3.2342059694855614 4.0
3.221881051672133 3.0
3.022382035674706 4.0
3.1632745572428362 4.0
1.1166444066430334 4.0
3.393936767299312 4.0
1.8385751442920482 1.0
3.467258171133432 4.0
2.9279694142687287 4.0
2.149963993063535 2.0
3.0282536505387174 4.0
0.05397991163578131 0.0
3.31173557341559 3.0
3.826860165345103 4.0
3.49522718225031 4.0
2.3972769713435174 0.0
4.149705917017516 4.0
2.8244970511465795 4.0
2.8664914886375996 4.0
3.219097444840818 3.0
3.5672680143485636 4.0
4.379438481862374 4.0
2.679995164672971 3.0
2.907677093120527 4.0
3.9438477841834683 4.0
3.7143237107977134 4.0
3.9450078075473938 4.0
2.05080860435417 1.0
2.590786040358436 4.0
4.227721577250387 4.0
1.4395888010631732 0.0
3.6915682706900155 4.0
2.67370289498583 4.0
1.6594817859583704 0.0
3.433280049425674 4.0
3.0061120853298036 3.0
2.231875544601035 3.0
3.709357728346202 4.0
3.7252551680925423 4.0
4.268009514865776 4.0
3.664378660138502 4.0
2.3715050039140886 4.0
3.757832583237567 4.0
3.848075830454942 4.0
4.132334209047434 4.0
4.0669842203056525 4.0
3.32276695424704 4.0
3.2013615893754857 3.0
4.360844162148556 4.0
2.2335486563053157 4.0
4.001629842558972 4.0
3.8920970051724533 4.0
3.8634811517820724 4.0
3.0906653597520366 3.0
2.709877666422125 1.0
3.8138868198392863 4.0
3.232464942446648 4.0
2.702147195939884 4.0
3.9273236849571553 4.0
3.8800431483389675 3.0
2.6591488563697743 0.0
1.442479154416942 1.0
3.971092181151257 4.0
3.4594653860784037 4.0
3.48427989814701 4.0
4.2208389585954365 4.0
3.4510460229778293 3.0
3.5207547289767334 4.0
3.5707687920310622 4.0
1.802843022020543 0.0
4.029913068770123 4.0
4.013506167763235 4.0
4.221300373522029 4.0
2.3129684351676616 1.0
3.982946518424674 4.0
4.024850395675593 4.0
2.06472739602665 3.0
4.082815940142447 4.0
3.3361174053951705 4.0
3.1730142422028136 3.0
1.7008187998675024 1.0
2.2558628073631715 1.0
2.4641969572706985 2.0
3.583308562114113 4.0
3.836838329903908 3.0
3.922517423631999 4.0
0.6709313365574041 0.0
4.298602131805617 4.0
3.457467802012159 4.0
1.3327710620885225 0.0
1.8429016232447393 3.0
4.156819266070049 4.0
3.6584359530292483 3.0
3.7556886850852234 4.0
2.1667776396900624 2.0
4.242447502106315 4.0
2.3912574128848814 1.0
2.570676460793454 3.0
2.3659445287190852 3.0
3.0080402658979555 3.0
1.5627269137716224 1.0
4.456094452517737 4.0
2.7549764182340137 4.0
3.618566872670125 4.0
3.1303867717424554 4.0
3.1695266391483594 4.0
1.2859306636872327 0.0
4.341164155645626 4.0
2.545419974386613 1.0
3.3549029372126675 4.0
3.496065650974014 4.0
3.2265506343288104 4.0
3.6573658227974946 3.0
1.6682194788908147 2.0
3.948992967489885 4.0
4.444549713418881 4.0
3.404499402586432 4.0
3.5932155639507295 4.0
4.248502214425889 4.0
3.334020066126836 4.0
2.697763026771245 3.0
3.103129053592607 4.0
2.449726997144161 2.0
3.4175154492648048 3.0
3.3979354380590614 4.0
4.203289934184014 3.0
3.1554400000970784 4.0
3.8833939117751424 4.0
3.7606960069876285 3.0
2.2752080195731423 2.0
3.2240854594151216 4.0
3.7176610028669153 4.0
4.472559259411616 4.0
2.254366547414511 2.0
2.65879369723089 4.0
3.455805605832534 4.0
2.7676888150471903 3.0
1.304883865060276 1.0
3.2906237908675786 4.0
3.426211188949331 4.0
3.6757343226050656 4.0
3.3252845672956255 3.0
2.313342607134853 3.0
3.434351026639379 4.0
3.156295070690888 4.0
2.4610029548839574 4.0
3.407391530211717 4.0
3.2175950957237207 4.0
2.5367365609643615 3.0
3.739108023270738 4.0
3.8208532760759946 4.0
2.9230909198307007 3.0
3.3075905951280813 4.0
3.0533121349774532 4.0
3.5961702610679236 3.0
0.8907509890659355 1.0
1.3787539907879802 3.0
3.0581558241008526 2.0
3.1276844050954065 2.0
4.411159862264234 4.0
1.0798693348312711 1.0
3.4452036266083175 4.0
3.422797258065094 4.0
3.052166478469722 3.0
3.894059599835331 4.0
2.065650183564949 4.0
3.7339093809267476 4.0
2.553260300686447 1.0
3.69425607197128 4.0
2.6419330187047985 0.0
3.920238974422409 4.0
3.5797591327577676 3.0
3.4621281162179374 4.0
2.8270523107117578 4.0
2.7040148342811205 2.0
3.9236868947016097 3.0
1.4981842135089156 1.0
1.7491501584117222 0.0
3.1328756196275114 4.0
3.399270170177461 3.0
0.3876567669002182 0.0
3.435831326031141 4.0
3.3752010553756318 4.0
2.936315289248875 4.0
4.222229463892236 4.0
2.7787202158557722 4.0
0.5584310332413347 0.0
3.7971977396906276 4.0
3.9650319462312 4.0
3.3431996129118913 3.0
2.2198494823685424 1.0
3.7814316810943325 4.0
4.017887762940994 4.0
4.159270400048971 4.0
4.343103913279558 4.0
3.4007050275244683 4.0
2.952925894133915 3.0
1.7644567996041887 3.0
1.910255444964163 3.0
2.3293350477776187 1.0
3.2079633387577253 3.0
4.329516036427034 4.0
2.955767537337909 4.0
4.025743040776985 4.0
3.9090224487208394 4.0
3.321011398746574 3.0
4.0486936827512086 4.0
2.6676025559727243 1.0
3.975281426506978 4.0
3.7927699538939033 4.0
3.7034211972088675 4.0
3.258763319082443 4.0
3.467650972639211 4.0
3.493393585831905 4.0
1.8104953557717365 3.0
3.414578201745826 3.0
3.3526013611439804 4.0
2.4225210180742645 3.0
3.5828123416917723 4.0
1.8685553147004494 4.0
3.921362353330947 4.0
3.4948085275257217 4.0
3.5117574800545714 4.0
3.4180930821909694 4.0
4.45978503722357 4.0
2.4395615773724035 3.0
4.121249251943107 4.0
3.313968820196486 4.0
3.321118180889748 4.0
1.7503435684471116 0.0
2.875004184338688 4.0
3.1654307648625366 4.0
2.7405536246691877 3.0
2.4017590746522437 2.0
4.186571604736814 4.0
3.878570464764218 4.0
4.333038804775984 4.0
3.2401120665479306 3.0
3.318827207099675 4.0
3.128084749070573 4.0
3.342989385597474 3.0
4.345345820427955 4.0
1.4465428065056538 0.0
3.7448340611423045 2.0
2.796610397679161 0.0
3.7857761788641797 4.0
3.8566386359897935 4.0
1.6207095688971873 2.0
2.1858324723370464 4.0
3.138321085237159 3.0
2.833121230182053 1.0
3.7865189277816356 4.0
2.453848559098777 4.0
3.6013892103574836 4.0
3.692114498970808 4.0
4.190798836892332 4.0
3.6748519419927375 4.0
3.5800572043022747 4.0
3.647801176984423 3.0
2.871739542222598 1.0
2.8504098179047705 2.0
2.918178482433519 4.0
2.2159589028889624 2.0
3.6705834227908536 2.0
3.1646605964852164 4.0
2.8083450272150046 2.0
1.4549421769665578 2.0
4.016252042686284 4.0
3.9055591681241477 4.0
3.386062306408583 4.0
2.875139674446112 3.0
3.594999512784997 3.0
2.5356267008022524 3.0
3.4565578980085014 3.0
2.4265603802478113 2.0
2.300179564930901 3.0
4.3168307057788295 4.0
2.5361057892027112 0.0
4.000729077338793 4.0
2.90321678782942 4.0
2.3770386250854916 3.0
3.103236519871901 4.0
4.304709574915003 4.0
2.484164559238219 4.0
2.1543820414339008 1.0
3.480371351593851 4.0
3.418541028796036 4.0
1.2130309258347376 4.0
3.9397014597248843 4.0
2.2700957691869723 1.0
3.4914660886807924 3.0
3.2654019730418895 4.0
3.9137515944856656 4.0
4.125796656711673 4.0
3.2886307288579406 3.0
4.131367742841408 4.0
3.772422405605796 3.0
4.1978415561720865 4.0
3.822528880606752 4.0
2.9990999378070615 3.0
0.9483340958462714 1.0
4.370555082897814 4.0
4.226182750340248 4.0
2.3223886613209013 3.0
3.857482516647342 3.0
4.376868180448068 4.0
2.5985377610035023 2.0
3.2736599554728407 4.0
2.5184467163392004 4.0
4.041183716565908 4.0
3.260594962938173 4.0
2.0280522039453706 2.0
4.178329964168709 4.0
3.9315812838867137 4.0
3.9892731790964984 4.0
3.303074556424365 4.0
1.5515086996472398 2.0
2.40541845079105 3.0
2.311809102685931 1.0
2.4377471114868454 3.0
3.52238626470872 4.0
1.8439562786459933 3.0
1.7952737275479738 3.0
3.4962467858232795 4.0
1.5939794012007975 0.0
2.4816460828240627 3.0
3.224544590076597 3.0
1.600505620678998 1.0
3.3990991164535824 4.0
3.7487298152948956 4.0
3.2305214820491184 4.0
4.060386567728815 4.0
2.4974288947916543 3.0
4.399738267098219 4.0
2.2716827634472407 3.0
2.6732862825436507 4.0
2.3276947297889246 2.0
3.8158256114850255 4.0
4.287648315559202 4.0
0.41594311850585175 0.0
2.706338311049066 3.0
3.9379849522519637 4.0
2.770171459352464 3.0
1.8055621947818112 1.0
3.6877882908131348 4.0
1.9095999916403308 1.0
3.4931336693032797 3.0
2.5010712929792964 1.0
3.489999133738257 4.0
2.0297081823863574 1.0
4.4508872693135615 4.0
2.5184471771404615 2.0
2.0837272708806194 2.0
2.9435421609734496 3.0
3.7376998161331123 4.0
3.3394555912200383 3.0
2.452302973523648 3.0
2.3786422689316122 3.0
2.8679901447132385 3.0
2.9454721760257367 4.0
2.8165757073834676 4.0
1.3310354214471674 2.0
3.2373231191298375 4.0
2.074781200767336 3.0
4.355696295628834 4.0
3.7715935835933863 4.0
2.5235155226638097 3.0
3.607100966171876 3.0
2.1234905658339724 3.0
1.7956254103338787 0.0
3.1669753525510513 4.0
4.035426832626736 4.0
2.616443509707193 3.0
3.6095677292236568 4.0
1.8963821867739399 2.0
0.21006830196768878 0.0
3.6322930575685133 4.0
3.091328795970811 3.0
4.389156863196068 4.0
3.039910268392177 4.0
3.621147327720421 3.0
2.930515614534329 3.0
2.793585514359145 1.0
2.068839876023162 3.0
3.7227345182431364 4.0
3.3381968900690753 4.0
1.9516422803336373 1.0
2.238565508279784 3.0
3.8135244541469886 4.0
3.2328082021083535 3.0
1.898130310571796 2.0
2.184124884409295 0.0
3.183281107118429 4.0
3.8220265308500414 4.0
3.37247345121356 4.0
3.4166640508409225 4.0
3.454509054741756 4.0
3.9140981511265105 3.0
2.7262934372016536 2.0
4.210310377283674 4.0
3.307410659824341 4.0
2.636493793230623 3.0
1.1312360606761258 2.0
3.7399818195863386 4.0
1.1488725996812033 0.0
4.053081379758325 3.0
4.210124010221446 4.0
4.497158708115409 4.0
2.195374683385258 1.0
3.8040764174072734 4.0
3.3724342018083 4.0
3.8881006642341234 4.0
2.685688174084153 4.0
2.3442483831414895 3.0
3.2759991931116614 3.0
1.20786710420081 2.0
4.335498329742365 4.0
2.699152457588027 2.0
4.140955323277447 4.0
4.132698489560691 4.0
3.923261572805833 4.0
2.3536165930863007 4.0
2.3627852726415766 3.0
4.273374775874909 4.0
2.9730914270492708 1.0
2.3122575067970246 0.0
2.1674961599656637 2.0
4.152535639194004 4.0
4.029334251324753 3.0
2.709846117056471 4.0
2.161606102187994 1.0
1.3343892188475968 2.0
2.1244309658164484 0.0
4.038786366046652 4.0
4.077593712574294 4.0
3.1413007368220844 2.0
4.167671105980467 4.0
3.8987032381474647 4.0
3.762649949234092 4.0
3.144842773339967 4.0
3.978844831769049 4.0
2.981781296187336 3.0
3.252873100988942 4.0
3.040641128260088 4.0
3.358127575245354 4.0
1.5907679116119846 4.0
3.0915233787169356 3.0
4.1882115671742906 4.0
2.2117625198160358 3.0
2.82312052310093 3.0
3.2514860738265448 4.0
1.9149457416343822 0.0
2.4996997906762584 3.0
2.085179048588254 2.0
3.315270941571992 3.0
4.422276967743369 4.0
2.995079375645771 4.0
2.088399474117763 1.0
4.478557645822677 4.0
3.695871487143773 3.0
2.6758935330134257 4.0
1.9604636466473093 0.0
4.3457477999962695 4.0
3.937344707406721 4.0
3.360482580100973 4.0
2.7553969575965844 1.0
3.5049915184900247 4.0
3.1710955374012286 4.0
4.284483032551731 4.0
3.4691179616414116 3.0
3.0446468489916683 3.0
3.1883334222754884 3.0
3.342816064132111 4.0
4.090810520007823 4.0
2.773932214018715 2.0
1.1720685349307978 0.0
3.8145443126442427 4.0
3.4283044801114766 4.0
4.242047630121507 4.0
3.297950671771723 3.0
4.248039689519853 4.0
3.6202407223409496 3.0
3.9959414299297507 4.0
3.450283786070261 2.0
2.0432408535403788 1.0
4.15826071055796 4.0
2.298582625811589 2.0
2.2499353366359944 0.0
1.848684665307462 3.0
3.5654654690854457 4.0
3.004539765233737 3.0
3.328696218972092 4.0
2.526181959018235 2.0
1.4731253660641812 0.0
3.8308557992670362 4.0
2.4325538372558384 1.0
4.2854684244582115 4.0
2.8961054977217424 3.0
0.7554908929092199 2.0
3.524570406785955 4.0
3.866264868275662 3.0
3.984413341746424 4.0
4.47733292995809 4.0
3.211485404319201 3.0
2.2885088992047873 4.0
3.2063517861691313 4.0
2.9796737710364 3.0
3.774873963154847 4.0
1.6510437502568203 1.0
2.2504678203290966 2.0
2.904974189111991 2.0
3.533968130409959 3.0
2.8425300317990354 4.0
3.727599803698303 4.0
3.7425370360107433 4.0
3.462718595886286 4.0
2.7156842288241094 0.0
2.455274306841745 0.0
3.9212403759420926 4.0
2.225348669238988 0.0
3.6004721488243936 4.0
3.0959292361057855 3.0
4.205464469120542 4.0
4.074522309850602 4.0
3.754807788155997 3.0
4.3990265457346975 4.0
3.928108436032934 4.0
3.4601446142827923 3.0
3.154514277141029 4.0
3.4502549222946817 4.0
3.176263185407578 3.0
2.3878234108229135 1.0
2.825311056962464 4.0
3.654430702273906 3.0
0.5928416664856231 3.0
3.931333940811256 4.0
3.0861242445155 4.0
2.6950742742739147 2.0
3.225611216043225 4.0
3.7502827036351976 4.0
2.5622549887310075 1.0
1.6852416467862095 1.0
4.229793882869898 4.0
2.566556117603466 3.0
3.046426884805012 4.0
3.8434944516642418 4.0
1.7081650585124861 1.0
2.2995635773857437 4.0
2.481476226220771 4.0
2.549267653766899 2.0
2.707480763136802 4.0
2.7697613367974183 3.0
2.537365720879495 2.0
3.0823413931282797 3.0
1.5461527535050865 3.0
3.016051608792722 3.0
2.087594686828365 0.0
1.8751756694022554 2.0
3.256180697471577 4.0
2.5552206066369543 4.0
2.9285136587730882 3.0
4.294338118124192 4.0
2.03886981824213 3.0
3.85101285446164 4.0
2.241767653819678 1.0
4.120238445113965 4.0
2.1129074173624582 0.0
2.957525829891676 3.0
2.41041215024487 1.0
3.4331692392749877 3.0
3.1114944747183095 3.0
2.1763059183852294 3.0
3.1295693937536724 4.0
1.9227491429383963 0.0
1.7643701720706484 1.0
3.111949332884678 4.0
0.601782387046006 0.0
2.0777531157275413 3.0
3.0062909511128053 4.0
2.2829430802731085 2.0
1.9493627138677985 3.0
4.2462211280299105 4.0
4.2298125154043325 4.0
2.3660525893066984 0.0
1.5038051689669176 1.0
3.698415972261996 4.0
3.3610489148032965 4.0
2.9646364677167067 3.0
3.840850876909771 4.0
4.023869955325742 4.0
3.7238174681609353 4.0
3.323354370457735 3.0
3.1012200123778335 4.0
2.0950635907728 0.0
4.29016285492273 4.0
3.882042410502888 4.0
2.4045271393915133 3.0
1.7273859884787695 1.0
3.425895581898806 4.0
1.7386608564414359 1.0
4.030026832698813 4.0
4.3463489681326575 4.0
1.6271309241132528 1.0
2.7926197515800455 2.0
3.5053837029850827 4.0
2.297990740910217 4.0
3.578888946042669 4.0
2.1002244966019235 3.0
3.3928316513186134 3.0
3.487970288052331 4.0
3.9131067784912865 4.0
2.7262500787397563 1.0
1.6714512103833945 0.0
3.2700125151990793 4.0
2.883985449585137 3.0
1.494172274843684 1.0
2.6855828075287516 4.0
3.7182294274247694 3.0
4.12257944338007 4.0
2.981245152215565 2.0
2.131728851017731 0.0
4.207346541456288 4.0
2.0827812779011365 3.0
2.8762619879729936 4.0
3.1879620562084527 4.0
2.1713655114813477 2.0
3.488257179693008 3.0
3.2237642751279356 4.0
3.9453415138361523 4.0
3.5640251133890253 4.0
4.1731100220384745 4.0
3.5921807840272937 3.0
2.0844112704351634 0.0
3.408862222584297 4.0
3.2979906858698156 4.0
3.385157477142906 3.0
2.0418322121743904 2.0
4.047859258642085 4.0
1.9783711889067987 2.0
3.0764576661599756 3.0
3.2907611232290748 2.0
2.3343252397235084 1.0
3.7169627424867038 4.0
4.130894159321386 3.0
3.9089293511299887 4.0
3.95607333755507 4.0
3.963368611502771 3.0
3.420817612359614 4.0
4.311589514258127 4.0
3.259757678058511 4.0
3.5859918045866745 3.0
3.114725747175826 4.0
3.6897863744503425 3.0
3.3697224072093803 4.0
3.1280708285914978 4.0
2.517984515492806 3.0
2.987829600243902 4.0
3.191666335493803 4.0
2.29189467858669 3.0
1.8722552001407413 1.0
0.05717909660214193 1.0
3.0247928586596826 3.0
2.319637030742383 3.0
4.427584080603278 4.0
3.958203626075096 4.0
2.6143962905431097 2.0
4.41287112320112 4.0
3.1996951419010236 4.0
3.971142918288219 3.0
2.5622560779134496 1.0
2.986671193656509 2.0
4.028466565175894 4.0
2.2319972133421224 2.0
1.9111936963225347 1.0
3.2659407123433475 4.0
4.300648251479249 4.0
1.7776643417334195 1.0
3.1975620613971474 3.0
2.1949450873977057 4.0
1.8468508932060423 4.0
2.6408208767008237 2.0
3.296951645501122 3.0
3.0500832965987685 4.0
4.01542019225838 3.0
2.292888072309653 0.0
3.8671759129769185 4.0
3.3302996051343463 4.0
2.7157132493745575 2.0
3.717395681062504 3.0
3.489814372594978 4.0
3.839060191923516 4.0
4.624345181337798 4.0
3.293423378050684 4.0
1.868579887382313 2.0
1.7876244973893316 1.0
1.2169973802785985 1.0
2.266816789134725 4.0
2.2950352458109187 2.0
3.3188827942583483 2.0
3.5690003606609917 4.0
3.6887240759657853 3.0
1.425519348454026 1.0
2.8249494365962686 3.0
2.6549568038513707 3.0
2.0265297318393274 4.0
1.5867120518206126 0.0
3.4936941985772485 4.0
3.9461646909840535 4.0
3.6719762800352775 4.0
4.046473146865738 3.0
3.0008360254944657 3.0
3.741696346501664 4.0
0.7551068679857256 1.0
1.220113910178735 1.0
1.872712273647041 0.0
2.295445800127024 0.0
3.725115285624873 4.0
1.9126114885576664 0.0
3.623186721955907 4.0
3.0825982277955895 2.0
1.7106430562961337 1.0
3.2202375764288185 4.0
4.2835955655978735 4.0
2.102614952756909 3.0
2.8061151203422128 4.0
2.1473237784097883 3.0
3.148927142067346 3.0
2.0722924671041913 1.0
2.001812288909586 1.0
3.9695500559196537 4.0
3.627237680224665 4.0
1.9551766900918146 1.0
2.8831756246441334 2.0
3.103727961528983 3.0
3.491465087287952 4.0
3.3800507739732764 4.0
1.9395300314192636 1.0
3.9176239709027074 4.0
3.461356629255407 4.0
2.1424263821291145 4.0
2.912046282800681 2.0
3.655604628746355 4.0
2.9240665233299614 3.0
3.273015376986553 4.0
2.079682033003091 4.0
3.177425134573241 4.0
3.249227172023164 4.0
4.06481590600317 3.0
4.170097031241648 4.0
3.177833299984897 4.0
3.741779256416131 3.0
2.926254884267804 4.0
3.5106305526051393 4.0
2.600552896954384 0.0
3.5756287354720495 4.0
1.1129397117406672 1.0
3.841125406008185 4.0
2.868129226535978 4.0
1.2001131447489342 0.0
3.3953014578746306 3.0
2.8897011517703257 4.0
1.8434839432613037 0.0
1.6252556029743888 1.0
4.259723669702102 4.0
4.045638858750368 4.0
2.4671415337403255 0.0
3.4723646072340664 4.0
3.063768582063714 3.0
3.2213031002895596 4.0
1.6770563282572968 0.0
3.961207932805909 4.0
1.5081154100830232 2.0
4.325049460849398 4.0
3.511107371294619 2.0
3.0690906209666933 3.0
2.8201580356167373 4.0
3.0052212691239246 3.0
2.9752895056759474 4.0
3.0842497180396027 4.0
3.5275393053921222 4.0
2.8077536379562176 3.0
3.150284711962094 3.0
4.46000246100149 4.0
3.6843521343567316 4.0
1.730586081225355 0.0
3.855065573300246 4.0
3.658674974480264 4.0
3.8252224632195704 4.0
1.41681074129131 0.0
0.990396047943217 1.0
3.7898050488895034 4.0
3.1005402962828486 3.0
3.448127919055376 4.0
3.307954846436716 4.0
3.3371124387706264 4.0
1.2285865575498187 0.0
3.0354649838838244 3.0
3.5371040721477396 4.0
2.9961185274177122 3.0
3.8749941156292556 4.0
-0.707828324604391 0.0
4.366961103179082 4.0
4.141423486267897 4.0
3.109846233661939 4.0
2.12387880439399 3.0
3.7862285255668517 3.0
2.5196049797851563 2.0
3.1638947904220984 3.0
3.336800934814816 3.0
3.9801827389884554 4.0
2.7377078819933818 4.0
3.432169956547959 4.0
1.490723224636457 3.0
4.182706472448769 4.0
3.594715346199793 4.0
3.2300450647683814 4.0
3.455594064371887 4.0
4.611712999208426 4.0
2.9112449634026083 3.0
3.502082740961434 3.0
4.246663229945069 4.0
2.9379506881600426 2.0
1.7199916594395144 0.0
2.902780924000113 4.0
2.257049926370893 1.0
1.8344104912415036 4.0
3.1507861716748184 3.0
4.153522326313985 3.0
2.7464653604089904 2.0
2.7351348147269547 1.0
2.6964665490272814 3.0
3.1105856256438065 1.0
2.677317405823157 3.0
2.186866308087424 3.0
3.0607744663203427 2.0
3.84209442137454 4.0
3.955807578291739 4.0
1.8674929963617202 1.0
4.4145483642416306 4.0
3.0438178113748915 3.0
3.4155056797841103 4.0
3.6585189120476915 4.0
3.945131029611815 4.0
2.471332919938889 1.0
3.5920009197078677 4.0
-0.5056655175191951 0.0
1.0308965776629369 1.0
3.047815990147715 4.0
3.605220211660983 4.0
3.641824834986407 4.0
3.496515964855405 3.0
3.9922800664434863 4.0
4.245908733120212 4.0
1.0272726351820283 1.0
3.90065853482343 4.0
3.459614890447946 4.0
3.253924688292101 4.0
3.3518892182097995 4.0
2.3176501074365436 1.0
4.0584996864836045 4.0
3.9047894324352637 4.0
3.8784100108573947 4.0
2.3525603782437337 1.0
3.2017318842460627 3.0
3.0077739571963527 3.0
3.6394350844850436 4.0
2.3338369954051386 0.0
2.882507531606679 3.0
3.064597993477875 4.0
4.12193165156804 4.0
3.645663601903709 4.0
1.3026680629114185 2.0
1.0208299292816312 1.0
2.6165761776541867 3.0
1.7125711522354718 0.0
3.8540930298220415 4.0
3.635270044111433 4.0
2.725712238066773 4.0
4.234946073554313 4.0
2.760659267858231 3.0
3.7711991758383325 4.0
3.8267438669941543 4.0
2.595833157953596 2.0
3.7326815461496317 4.0
3.9877756384752985 4.0
3.2192524642599754 3.0
3.505404136788523 4.0
2.869847899740436 3.0
2.8089819825387945 1.0
1.8198193461509606 3.0
3.0771079485459136 3.0
3.4838529818511086 3.0
1.468467372580819 0.0
2.8642303684083092 2.0
3.9696748559799913 4.0
4.5699914832644275 4.0
2.0846202046235836 3.0
3.9188351501134457 4.0
2.409836382452589 3.0
3.213374248655371 4.0
4.093780650601252 4.0
2.8380071439101915 4.0
3.688411064394737 4.0
3.21262945105964 3.0
3.955885236403687 4.0
3.201696233767411 3.0
3.87096219081106 4.0
3.573941942790799 3.0
3.6180756969350956 4.0
4.057673246678675 4.0
2.693258191856277 3.0
3.8815864456212683 4.0
4.264112661642981 4.0
4.061954037252863 4.0
4.1586542798704365 3.0
3.6239336610981407 4.0
2.741013894922675 4.0
3.5258585197496064 2.0
2.0534106810490353 1.0
2.354854910705016 3.0
3.5736479350528283 4.0
3.897516218943524 4.0
2.5541673740617554 1.0
3.8105331125927737 4.0
1.6276424092679775 2.0
1.0009990634436203 2.0
2.838649724073547 4.0
3.5666033899537837 4.0
3.9119930468094894 4.0
0.8307332559440472 0.0
2.351175185276716 2.0
2.6005327897371844 0.0
4.106869001339794 4.0
2.3194294803462228 3.0
2.619803128331113 4.0
3.1502576367760042 4.0
3.545544340464132 4.0
3.0582879850496045 2.0
3.7344927550544753 4.0
3.3009154968836816 4.0
3.9171291051996926 4.0
2.8625321975245317 3.0
3.4478185682163005 4.0
3.8456255407634883 4.0
3.051682108435669 3.0
2.1207751079611867 1.0
4.278399241632951 4.0
1.5319394151997208 0.0
3.475945362666799 4.0
1.8502586173321425 1.0
4.048939512489351 4.0
2.7883954895490533 3.0
0.20873718213275794 0.0
2.557643562829014 4.0
2.4762465138006364 4.0
1.4613654808746221 1.0
3.2273740291477537 4.0
1.5326317496939867 0.0
1.7857911823984463 4.0
2.5873471580855014 4.0
3.4073545642357894 4.0
1.1095360509019114 2.0
1.1235171892294904 1.0
3.0003384824731585 4.0
2.3054440622266457 1.0
3.133820680007857 4.0
2.2786010517383355 4.0
1.7973855826338414 2.0
3.481650108466125 4.0