3.803174545493384 6.0
4.421170726309047 6.0
4.717945644641473 6.0
6.383941081112013 6.0
3.8330403017893087 6.0
4.680025961777209 4.0
3.9475533379003442 4.0
6.136148950975479 4.0
6.4052815779662815 4.0
5.206545281067921 4.0
5.761095023311494 5.0
4.073672314278211 5.0
5.597512587681668 5.0
3.7823803432403063 5.0
4.219786960862062 5.0
6.333538635560162 6.0
5.155607343596146 6.0
6.302293539011541 6.0
4.0900570820076805 6.0
5.492506280643511 6.0
3.787734322483158 3.0
3.090464881311073 3.0
6.096553112045 3.0
5.63717471627632 3.0
2.90560787055755 3.0
2.7741171536879548 5.0
4.371673766400184 5.0
3.748588807228445 5.0
3.916071919778574 5.0
4.681296585363428 5.0
4.852440220659276 4.0
3.332375499276785 4.0
3.556514140322796 4.0
1.949244076230443 4.0
3.7968224639075414 4.0
3.4390313551476757 2.0
3.6493520450255 2.0
2.589308430450689 2.0
1.4507162159978328 2.0
1.2440249572792494 2.0
2.537911612803802 7.0
5.954195154026558 7.0
5.813635677611891 7.0
5.169926945369601 7.0
6.091238073885309 7.0
4.923584819874096 5.0
3.1358190874489766 5.0
4.411114974409606 5.0
5.491680398787136 5.0
3.9839553151842386 5.0
4.474949011533563 5.0
4.544173325184525 5.0
6.1934983266355275 5.0
4.139156384887999 5.0
4.937676648830498 5.0
2.5934433370153185 3.0
2.919982496520606 3.0
2.2440413302914335 3.0
2.8689351459140564 3.0
2.1881783506025996 3.0
5.181048093861697 4.0
4.913819516940388 4.0
5.758709488508473 4.0
4.632978703313031 4.0
5.624528149749052 4.0
4.374829987847813 5.0
5.783233331158415 5.0
6.145608763829368 5.0
5.807340043620942 5.0
5.787667793530081 5.0
3.4973583944013726 5.0
5.177228485090886 5.0
5.4029172891498645 5.0
4.499315461964368 5.0
4.949447909238387 5.0
3.4998520890381477 7.0
4.895650969696003 7.0
3.8927668714438446 7.0
5.8190818258198505 7.0
5.827520120237947 7.0
3.3132474217912735 5.0
3.8898561517701014 5.0
2.6581816952848927 5.0
4.643852920248592 5.0
4.8539418206258 5.0
2.1225575897087356 0.0
3.2359337874842584 5.0
3.278242023028875 5.0
6.089349971367554 5.0
4.487216079752995 5.0
4.103095777448754 5.0
5.44266462495001 5.0
6.589869203603533 5.0
6.336324993102052 5.0
6.316259287350291 5.0
6.503770086109748 5.0
4.880005170321189 3.0
3.9146173297089555 3.0
3.539540883791256 3.0
3.733644634027985 3.0
3.4969023993620025 3.0
3.397767362127257 3.0
4.007993365419912 3.0
4.079541246698756 3.0
4.879645947303321 3.0
3.4762460419637375 3.0
4.725285260422275 5.0
3.3992007972405767 5.0
5.924448991148767 5.0
3.9335494857816515 5.0
5.596384779934726 5.0
4.679118612081179 5.0
5.01803907904029 5.0
5.52041964914264 5.0
3.547624024447929 5.0
4.088980881349207 5.0
2.0208352412024913 2.0
2.5912235499380074 2.0
2.727541940773104 2.0
2.6929766028723954 2.0
2.587240634012256 2.0
4.646226872681592 4.0
5.088074834723571 4.0
4.882038468121146 4.0
3.933530495933688 4.0
4.645599867182076 4.0
5.323484550573375 2.0
3.2849896300740697 2.0
3.710609144065586 2.0
3.978392495493941 2.0
5.202110996706624 2.0
5.150720109733524 3.0
4.816782202597491 3.0
4.632606486205254 3.0
3.23377408993385 3.0
4.864438092537608 3.0
5.002483403034261 4.0
4.4685055582542015 4.0
5.227087733015923 4.0
5.504818484865796 4.0
5.878600382194489 4.0
3.222154565115668 7.0
5.864699815654307 7.0
4.861131628260326 7.0
5.799275743858749 7.0
5.301514109508007 7.0
5.71024291100816 5.0
5.562622568924697 5.0
5.532738348922843 5.0
4.822204379877504 5.0
5.309914279113698 5.0
4.837077579259891 5.0
4.938917280821123 5.0
5.026080469554873 5.0
4.875612536221336 5.0
3.189512131490693 5.0
5.295610088788934 5.0
5.195048106278788 5.0
6.485004222325081 5.0
6.157765944067098 5.0
6.549426089397557 5.0
4.72861125242211 6.0
5.103191597065365 6.0
4.668939570103442 6.0
4.548381756718651 6.0
5.367066428324761 6.0
2.3291406228587612 5.0
5.009143473840461 5.0
5.755373262817399 5.0
5.321817639764179 5.0
4.92545163062815 5.0
3.0102794659089485 5.0
3.32859422976091 5.0
4.307136477398146 5.0
5.411808544693759 5.0
6.10584995261829 5.0
2.6984031680919602 5.0
5.223063905288138 5.0
4.83833373869305 5.0
2.580791304273785 5.0
3.972224059181952 5.0
5.201889961395176 4.0
3.928011341912479 4.0
5.4093498465057746 4.0
4.915907660332597 4.0
6.197619372012481 4.0
5.067017077377973 4.0
2.690986579893247 4.0
4.842577432429715 4.0
6.0379485752498105 4.0
5.252185209364028 4.0
2.5539129833019083 3.0
4.859924775005386 3.0
4.036936986859681 3.0
5.155503880261303 3.0
2.5039257692703862 3.0
2.219546626722494 4.0
4.848961757284215 4.0
4.985578425548317 4.0
3.8149360405402835 4.0
5.347519054374876 4.0
3.1964410144694795 3.0
3.725635424312802 3.0
4.613754530693977 3.0
4.73020964425754 3.0
2.993975793858994 3.0
4.519922106044862 6.0
5.970161241387471 6.0
5.766065272210771 6.0
5.599842399669961 6.0
6.036546158697313 6.0
2.3021438498354208 3.0
3.5770190850932133 3.0
4.729757085212033 3.0
3.3120391753822913 3.0
1.825416168729622 3.0
4.003724742911693 2.0
4.024747157509013 2.0
4.51259222459974 2.0
3.6467792995102544 2.0
4.752428434283649 2.0
4.7302421280961635 3.0
5.005433830334748 3.0
3.7943973076724657 3.0
3.007783268863094 3.0
1.93600261563344 3.0
3.1563396331258904 5.0
4.758284271445995 5.0
3.7782221048949247 5.0
2.5292932731471565 5.0
4.293852260003774 5.0
3.845551533599525 5.0
6.001214772715485 5.0
5.709662420923649 5.0
3.96662831102554 5.0
2.57793654875625 5.0
4.093380560684535 3.0
3.6317621222544894 3.0
3.771393335703383 3.0
3.8073220923272566 3.0
5.015926981928438 3.0
5.458859616330849 2.0
5.507305166587294 2.0
4.16752751707498 2.0
3.9702691320321963 2.0
4.704716964378961 2.0
4.885281251571522 4.0
4.154792732103913 4.0
4.362341019196886 4.0
4.183388032783962 4.0
2.0514684592588806 4.0
4.596157977104018 5.0
5.094628184779959 5.0
4.666945893753625 5.0
5.334952530947618 5.0
5.8822609105118495 5.0
3.6020373846251554 3.0
3.848681963853505 3.0
3.8101265410485086 3.0
4.762924045067362 3.0
3.8417947473901 3.0
2.9665261192010175 4.0
4.906131146291103 4.0
3.0811381891116656 4.0
2.3606897474336166 4.0
4.162796355225856 4.0
3.3076690106256517 3.0
3.699203239944074 3.0
4.918004679275636 3.0
5.583690467699233 3.0
4.502493559326454 3.0
4.699542351845214 5.0
4.584711772866135 5.0
6.022358204361859 5.0
5.664664222783112 5.0
5.823097262845938 5.0
3.3913410969978783 5.0
4.4721180894676476 5.0
5.260402327715119 5.0
4.386917059606608 5.0
2.917283116587823 5.0
5.141343444461009 6.0
5.5143406268056765 6.0
5.485156504616809 6.0
5.669086596504534 6.0
6.02216442898474 6.0
4.195757888080126 2.0
4.856427766589737 2.0
5.021011739111481 2.0
5.579700340741867 2.0
2.403602013101766 2.0
2.4232490005004506 2.0
3.1714867294366123 2.0
2.9901094001496835 2.0
3.3395583583535835 2.0
3.674976833606772 2.0
2.0465373205540622 3.0
2.5153489255383388 3.0
2.8174101018955335 3.0
3.0504341536200057 3.0
3.3293906074469115 3.0
2.781520993118227 3.0
2.424311177028857 3.0
2.6522783960570004 3.0
2.03345985778881 3.0
2.804629008102462 3.0
3.892461842840372 2.0
3.7503629001869236 2.0
3.6920769650844645 2.0
3.113718233691052 2.0
3.1015578089172102 2.0
2.582238325554694 0.0
2.1845525913530346 0.0
2.9610157925543246 0.0
1.9994107395120324 0.0
2.73927352599011 0.0
2.073737486546493 3.0
1.9505794198544841 3.0
3.0484664875707286 3.0
2.6325226299322093 3.0
1.354781017543093 3.0
5.910906591791416 4.0
6.070067846700166 4.0
5.715927976829656 4.0
4.033182040217109 4.0
5.5024405731655675 4.0
5.403859048721756 6.0
5.876604857192524 6.0
6.509101923266951 6.0
5.7421214641677825 6.0
6.422434150098576 6.0
2.4031050271617476 3.0
2.0972533777932525 3.0
2.860406893363572 3.0
2.9631804290096433 3.0
1.348673088873499 3.0
6.187787894537339 7.0
4.89654530208863 7.0
5.532481534794678 7.0
5.927837792620857 7.0
5.668770066959076 7.0
2.5693557562164853 2.0
1.7642254556644186 2.0
0.9431569353526004 2.0
1.1194345562556576 2.0
1.6201158145334855 2.0
2.2025007017540714 1.0
2.5766953321696007 1.0
2.095343336575382 1.0
1.7926617428445093 1.0
1.7248569745326996 1.0
2.4579953041692115 1.0
1.7615795248314543 1.0
1.0146316385996066 1.0
2.19969075580546 1.0
2.588506920274523 1.0
0.4960840988708266 0.0
1.0559750391647467 0.0
0.8029455889436242 0.0
0.6566624241274169 0.0
1.231038878511729 0.0
0.4197421421387613 0.0
1.5628795969956795 0.0
0.8855176607808319 0.0
0.5421279060709654 0.0
1.9585404886411748 0.0
0.89448913117498 3.0
2.8986169248724782 3.0
1.8963941143553447 3.0
5.409620868109275 3.0
0.8794007824470289 3.0
4.5971785581704365 3.0
2.6959221519409002 3.0
4.225331138491814 3.0
3.1209027937336455 3.0
3.8625098442192 3.0
3.777060133879447 3.0
2.7103733224954842 3.0
3.960054652385104 3.0
3.6780474805283903 3.0
3.2710286896911596 3.0
4.812037943389393 3.0
2.904327613727315 3.0
3.80811060825327 3.0
4.460334591611087 3.0
3.4359045844984086 3.0
2.294954329199632 4.0
1.4053375833889175 4.0
3.1986643675503426 4.0
0.9049181219000114 4.0
2.389391529627651 4.0
2.799998540985008 3.0
2.730085548769844 3.0
1.8024323553287123 3.0
3.7011701929939735 3.0
1.270169882432545 3.0
3.085702860767839 2.0
1.4477177990783585 2.0
1.1243321751510722 2.0
2.3781772175336977 2.0
2.090005933734647 2.0
2.8424341262264954 3.0
2.8062452439612438 3.0
3.0466313676361727 3.0
3.2079359965797716 3.0
4.315992514350986 3.0
2.015946885254085 3.0
3.2739361008401273 3.0
2.8929228170538472 3.0
2.536439349677064 3.0
1.334444536629995 3.0
4.287068998560021 4.0
3.5631211665608 4.0
2.803970535347076 4.0
3.853956958868803 4.0
4.772921413532584 4.0
3.791401735741187 1.0
3.300144444249258 1.0
3.1504826978475604 1.0
1.8159316463134447 1.0
4.471546409108604 1.0
3.8031099183741377 5.0
4.690707344769209 5.0
5.937291973513731 5.0
5.296187499936931 5.0
6.450274081190976 5.0
3.6232141746780235 3.0
3.56755050707582 3.0
3.5689298481885947 3.0
2.8710628033722743 3.0
4.265102171187718 3.0
2.9697563154537896 2.0
3.2182571288327697 2.0
3.1489344937202537 2.0
2.4836334473840287 2.0
3.1559576983925117 2.0
4.924784217676172 6.0
4.993609694534732 6.0
6.045498234581545 6.0
5.983118387666869 6.0
6.333260189606844 6.0
4.384928164275308 5.0
3.8111165161273592 5.0
5.75319520628938 5.0
5.216785525659392 5.0
4.547071995596538 5.0
3.6116409040341617 5.0
4.707988637018399 5.0
4.998658591309926 5.0
3.6240233957394463 5.0
3.820648725042287 5.0
1.3806003687650197 2.0
2.257551879746975 2.0
3.767983789313287 2.0
2.925237826468584 2.0
1.0926255459437042 2.0
3.1486835771022332 4.0
2.8486888724575956 4.0
1.5960457889610264 4.0
1.8241550932380017 4.0
0.7331736047583278 4.0
2.0871009158770386 2.0
2.3553448977129046 2.0
1.2183522920605627 2.0
1.2888855005463073 2.0
2.6511426548985337 2.0
4.345442713780356 3.0
2.8429213137734157 3.0
1.1024302813326323 3.0
1.895967238534185 3.0
1.7149399628790456 3.0
1.08705415498869 0.0
2.792706292157292 0.0
1.2352984257571735 0.0
5.630198389006791 0.0
1.4061538722018962 0.0
1.6948887546448659 1.0
1.7959899067636917 1.0
2.8426270449211932 1.0
1.9521078625628838 1.0
4.403883605880964 1.0
3.0575079434829555 4.0
3.868670502522101 4.0
3.706033561075008 4.0
3.942347520402787 4.0
4.937504091070736 4.0
2.2371162842612335 1.0
1.6395790605785572 1.0
1.4296172321533689 1.0
0.9612836865264581 1.0
1.7277619911615711 1.0
2.7431212685687427 4.0
2.4504025262721068 4.0
2.428625636307611 4.0
3.6454031053488123 4.0
3.540162437472801 4.0
4.685481834268196 4.0
3.0178001755967836 4.0
3.6139280250338164 4.0
3.927563898041861 4.0
3.7416820213079682 3.0
3.8691510227507404 3.0
3.861998498983669 3.0
4.586967819179133 3.0
4.790253987359022 3.0
3.306011046902142 0.0
3.3139989604363977 0.0
4.139925528324229 0.0
1.9146093035969 0.0
2.462542812192123 0.0
2.7955151004045353 4.0
4.390295055496125 4.0
4.376082367088963 4.0
3.7847596817423654 4.0
4.719355882686717 4.0
2.9047920040115187 3.0
3.4713696488377663 3.0
1.7402608538321684 3.0
4.690108245512653 3.0
4.158273256029986 3.0
3.4694487426846896 4.0
3.467987089630828 4.0
4.223557317283111 4.0
3.1030094452131913 4.0
2.9644478045128806 4.0
4.248386949404598 5.0
4.530916274890168 5.0
4.951131696887707 5.0
5.179435470636953 5.0
4.099590252256145 5.0
3.6517846036570223 3.0
4.246603703172998 3.0
3.4055387056983393 3.0
5.44692909483862 3.0
5.299979724312594 3.0
2.9640409247591752 2.0
1.8304116551830842 2.0
4.7935065844048825 2.0
3.522810946552352 2.0
2.198288627499783 2.0
5.289169551568941 3.0
4.355721826316366 3.0
3.0224336373870586 3.0
3.926889549943354 3.0
2.293457753375144 3.0
5.269768053543636 3.0
4.742274203854894 3.0
4.557664511809565 3.0
4.726982782139587 3.0
6.125002901519643 3.0
4.872189547295949 2.0
4.127214633011217 2.0
4.283954469946184 2.0
4.165816416882732 2.0
4.349728138823929 2.0
1.9430941057308626 3.0
4.101716758288134 3.0
3.4918920082567264 3.0
3.112942127821014 3.0
3.6096521794631236 3.0
4.853411406188096 4.0
3.186865222643906 4.0
3.0662567469764173 4.0
4.922571487480721 4.0
2.5232873823655 4.0
5.149383296555569 7.0
6.2974922133016165 7.0
6.06997159014193 7.0
4.369361749177686 7.0
5.808603601929143 7.0
4.057521078748942 7.0
3.2731532484378145 7.0
5.0473663569327485 7.0
4.697828236687479 7.0
4.81453066189572 7.0
4.827212071694395 6.0
6.355757346247815 6.0
6.489062239161771 6.0
6.5402639467812635 6.0
5.660625049248644 6.0
4.189713551732187 5.0
4.946079452236247 5.0
5.3547584622597 5.0
5.72086978230113 5.0
5.51219599305153 5.0
6.260119527538577 6.0
6.511914991923211 6.0
5.780551252515904 6.0
6.617399873335274 6.0
6.472416328813031 6.0
3.671447174366907 2.0
3.8644346069340574 2.0
3.7943857457909203 2.0
3.6096584799962437 4.0
3.846217444426703 4.0
3.418515479884721 4.0
4.373668731835037 4.0
3.5000611524123166 4.0
3.9869582588710495 5.0
3.4904107434589613 5.0
4.383141812323036 5.0
3.2565967945321943 5.0
3.689873195180339 5.0
4.5504093418657146 4.0
4.747860170735758 4.0
4.005443893166761 4.0
1.7806058609144775 4.0
3.6825163493672557 4.0
4.743109146637735 5.0
3.7317816577600413 5.0
5.859114100639869 5.0
5.504311194101407 5.0
5.435445948653518 5.0
3.439514410621251 4.0
2.5209638736130215 4.0
3.7462794676457127 4.0
2.2264138486210356 4.0
3.202500287967673 4.0
3.73237324516115 5.0
4.519384016634156 5.0
4.600653192477284 5.0
5.768639046107827 5.0
4.923935045717461 5.0
3.5270959790432554 4.0
2.368557224245021 4.0
2.4118746618011526 4.0
2.239282679714029 4.0
2.9244863546758495 4.0
3.633323789353401 5.0
4.952403360182749 5.0
5.4251098379598215 5.0
4.805780161638976 5.0
4.922626073476345 5.0
3.2140348642984264 4.0
3.023848845728439 4.0
3.123852235780771 4.0
2.4698635934364632 4.0
3.563740802337599 4.0
1.7957447451856186 5.0
2.908081231917302 5.0
5.637777325752625 5.0
5.179585530787141 5.0
3.755802932587804 5.0
3.3060832502431348 5.0
5.377738118379748 5.0
2.805942802216077 5.0
4.779384476534365 5.0
3.2393686163371465 5.0
4.3633791194488545 6.0
5.871850936234341 6.0
4.511220316243182 6.0
6.629220194543009 6.0
5.7927877847716385 6.0
2.752060444697426 3.0
2.3676387490844397 3.0
5.515062806341525 3.0
4.408904809586913 3.0
3.9652340836466164 3.0
4.2717673967977605 6.0
5.943412478354168 6.0
5.860128460160034 6.0
5.7608084254427645 6.0
4.978186604679453 6.0
3.542348111517269 4.0
4.281082227567101 4.0
3.9720581915082116 4.0
4.414275922243762 4.0
3.07316301589381 4.0
3.3333682823772426 5.0
3.784576411319424 5.0
4.9997528820082895 5.0
5.709014425652862 5.0
4.337696742321133 5.0
2.3920594955822923 5.0
4.1023594645999495 5.0
4.239931091482977 5.0
2.759280280267424 5.0
2.7454243907007805 5.0
3.063646398774774 0.0
2.0854105676775374 0.0
2.8259368776801455 0.0
2.731285486943355 0.0
2.1966458624966188 0.0
2.887311732933969 2.0
2.086876597015895 2.0
2.0090126205023435 2.0
2.910851494290656 2.0
2.378620395651316 2.0
4.072211481051192 4.0
3.4433013406663897 4.0
3.70881830448872 4.0
3.099039066699502 4.0
3.014612945536818 4.0
2.8724164346356793 4.0
1.9886557401419207 4.0
3.19705838939075 4.0
2.778075338266984 4.0
3.5210972536374117 4.0
2.7227959873416703 4.0
3.313502972396011 4.0
3.628641566421282 4.0
3.8016212915532637 4.0
2.6893228442859876 4.0
4.286167533075652 3.0
3.141084122929967 3.0
4.053268895226258 3.0
3.357573665329583 3.0
3.611960542877795 3.0
2.4050618832625554 4.0
1.160601620900957 4.0
2.485342997826227 4.0
3.8262463150122454 4.0
3.5441763214051716 4.0
1.9851250036194361 1.0
3.6548873219061524 1.0
3.3093012261324204 1.0
1.8459970295570245 1.0
3.4463642538916788 1.0
3.601056013181093 4.0
2.893784725833456 4.0
2.4829096570451172 4.0
2.773067715464882 4.0
3.1059486257669575 4.0
2.715119751451163 3.0
2.332095671589145 3.0
4.707278580081075 3.0
3.5213779071679863 3.0
2.2831338478458902 3.0
4.18744103466003 4.0
3.74384856743028 4.0
4.4890647897061235 4.0
4.99035521015789 4.0
3.6383078598736036 4.0
4.9590432940021785 5.0
2.4207674855872123 5.0
3.7600059735158733 5.0
4.613630327101683 5.0
3.64122812207789 5.0
3.276776296533906 5.0
3.1142569390177206 5.0
3.650226664310688 5.0
2.94497731399253 5.0
3.365856517748956 5.0
2.5436590529052396 5.0
2.6825298611155546 5.0
3.014132656505732 5.0
2.7760301922677835 5.0
3.6862970231952574 5.0
2.2750812110781564 1.0
4.37167959250525 1.0
3.203415054855474 1.0
3.43925269706145 1.0
3.425699000700712 1.0
3.6175287139037438 3.0
3.13269694641197 3.0
3.5143966757137735 3.0
4.699088647744114 3.0
4.072998947158744 3.0
1.9182389420248942 4.0
2.941305465371011 4.0
1.6054115937157423 4.0
2.788117256807389 4.0
3.153640699171269 4.0
4.041076423935231 3.0
4.925564520419604 3.0
4.460459172679452 3.0
3.4580507374582674 3.0
3.8172396440958822 3.0
2.1946571445637577 2.0
2.6061063677148786 2.0
2.730901602393594 2.0
1.9847573157920937 2.0
2.441025613216997 2.0
3.7564915487724413 6.0
4.890393474440245 6.0
3.127969902906667 6.0
4.336387211467491 6.0
2.980920600146215 6.0
3.3519864003156044 5.0
3.51774130105517 5.0
3.105751876193027 5.0
3.1089335794309374 5.0
4.709014514491034 5.0
4.463156745728133 3.0
2.936969083528995 3.0
3.027608426468343 3.0
4.0972504226375825 3.0
3.5715133163463078 3.0
3.5180181224133324 2.0
4.47939297720786 2.0
4.338517010402127 2.0
3.0100840400326834 2.0
3.784321955293303 2.0
2.310488945105614 4.0
3.0320510974970007 4.0
2.5423758258066425 4.0
1.7583451147622458 4.0
1.9770486835185022 4.0
2.5727701481380016 1.0
2.2464179186999043 1.0
2.9554867258696627 1.0
2.0974787294652377 1.0
2.39344073979966 1.0
2.823969210629407 3.0
2.1987971236329638 3.0
0.675260672467555 3.0
5.541212928542269 3.0
3.2499711699552716 3.0
3.1784594994070505 5.0
2.3735144250663733 5.0
3.3493894512828897 5.0
4.892592119122516 5.0
4.150905440439689 5.0
2.802047939608422 3.0
4.184549646490489 3.0
2.3719871066825586 3.0
3.3305904847977277 3.0
4.602459112120268 3.0
1.64386600408672 1.0
1.1848901644129501 1.0
1.662556153530985 1.0
1.4223974695162784 1.0
0.6846072535525832 1.0
2.4360946123178486 3.0
2.0059110920941006 3.0
1.6059916860374126 3.0
1.5873436502713516 3.0
1.8693859364687386 3.0
1.2171691651744627 2.0
2.7416793176486722 2.0
2.7240673182559734 2.0
3.7887396334683205 2.0
2.180515913405039 2.0
2.4185696894584248 4.0
1.9937281539340859 4.0
1.9475604447912227 4.0
2.260750729626173 4.0
2.7739363961327963 4.0
3.8595175405154487 6.0
4.254867305155704 6.0
6.290211591802257 6.0
3.8998291235224567 6.0
4.608334369068517 6.0
1.5679031306782778 2.0
1.724680541527601 2.0
1.212498665291787 2.0
2.2628950425618486 2.0
2.2454364937728677 2.0
3.141366323958467 3.0
0.9366490145145132 3.0
1.7352402150270874 3.0
2.3289200313568204 3.0
3.5996426977437377 3.0
4.583906486218355 2.0
4.034438685897327 2.0
4.379687325321995 2.0
2.862972156799532 2.0
2.6162397095023535 2.0
2.7574952486272735 5.0
2.618315127312364 5.0
3.2701772349567286 5.0
4.236562688595604 5.0
2.735605860715215 5.0
1.1635152436077372 2.0
2.5392664152958506 2.0
1.845334175189811 2.0
2.0925367974918427 2.0
1.7765261369565386 2.0
2.3939118480535946 5.0
2.9204767319609815 5.0
4.073925687959863 5.0
2.5435932350018686 5.0
4.182718591329083 5.0
2.8950047011635927 4.0
3.0154021082200644 4.0
3.433245396214828 4.0
4.590558907495579 4.0
3.9740885182634913 4.0
3.016311101134844 4.0
2.8053014444507225 4.0
2.523746123661561 4.0
6.200370331564264 4.0
5.907449322807075 4.0
0.5835576330762484 2.0
2.5542961524893557 2.0
1.8235474772822708 2.0
3.867209607145605 2.0
2.623337764126104 2.0
2.3930919832552875 3.0
1.321760902056139 3.0
1.7943636881965488 3.0
2.7500927631366183 3.0
3.0070088271351847 3.0
4.491341674284891 4.0
4.551425533863233 4.0
3.5608990009245347 4.0
3.918085239736714 4.0
3.9282534289823303 4.0
2.458424864320509 3.0
3.2796270723196614 3.0
2.594949436394389 3.0
1.9226960049056605 3.0
4.296253817458421 3.0
0.1866574181079803 0.0
0.6446023872567888 0.0
1.2890144208953433 0.0
2.0782448540498355 0.0
1.9966919153213367 0.0
2.3937652955318676 3.0
1.5810563227032386 3.0
1.4381094958012521 3.0
2.0127169669056864 3.0
1.9973952319820127 3.0
2.2619082188082364 0.0
1.2216914888033399 0.0
2.22962188297028 0.0
1.3253381070398942 0.0
1.1924016412393894 0.0
2.7904000587948055 1.0
0.9733849656695024 1.0
1.9352663020396015 1.0
1.8944833672974868 1.0
1.5328172817127173 1.0
1.8678309759904956 1.0
1.502009665896895 1.0
0.9286284846335437 1.0
1.7100996008577511 1.0
1.4559329426553242 1.0
3.0990470907198056 2.0
1.9980013844044406 2.0
2.901773139022669 2.0
2.688712469115542 2.0
3.074954797519558 2.0
2.5669373155468445 4.0
2.8659083598813258 4.0
2.3019962186953795 4.0
1.8889751612878842 4.0
1.6665439459332854 4.0