3.3444212497035233 6.0
4.159145241629298 6.0
4.551646339344967 6.0
6.241692883071784 6.0
3.9543716346788096 6.0
5.382421058079561 4.0
3.7562699469655474 4.0
5.509868721229229 4.0
6.431224081261023 4.0
5.715720228749941 4.0
5.685050208735161 5.0
4.186046585988707 5.0
5.634293119651775 5.0
4.095530895489195 5.0
4.950344626501268 5.0
6.484970959023878 6.0
5.06364856179268 6.0
6.210020855422583 6.0
3.896135955903435 6.0
5.463795472556528 6.0
3.635062659203334 3.0
3.03041128122817 3.0
6.220371995287985 3.0
5.8373986015201975 3.0
3.103627006703302 3.0
2.949181333932292 5.0
5.136599951613604 5.0
3.9519441244780786 5.0
4.188600906586771 5.0
4.578157325753565 5.0
4.950998315272793 4.0
3.494315003893525 4.0
4.135012413476257 4.0
2.2870203516027163 4.0
3.318599159175506 4.0
3.087282271630281 1.0
3.70623369254162 1.0
2.24909561751101 1.0
1.623801080938642 1.0
1.4716561956938365 1.0
3.409689620953312 6.0
6.371244576671583 6.0
6.045030347104249 6.0
5.237138703496226 6.0
5.898223412292812 6.0
5.093646234836297 5.0
3.697434894622895 5.0
5.147442982454272 5.0
5.733523860607914 5.0
4.043113920391367 5.0
4.987339686536492 5.0
4.304632351891464 5.0
6.313078514248437 5.0
4.659735025506494 5.0
5.294774934487294 5.0
2.741771961832387 3.0
3.1304604442809407 3.0
2.373618218901475 3.0
2.9701890472448893 3.0
2.8355499605992907 3.0
5.406752752051997 5.0
5.232266840096432 5.0
6.063855609182235 5.0
4.53852811480872 5.0
5.813584431618295 5.0
4.128735612073321 5.0
5.606169937080992 5.0
6.466913383717251 5.0
5.758376957508494 5.0
6.431417906092439 5.0
3.304006885299486 5.0
6.0973927534728105 5.0
5.554666839971418 5.0
4.402767683058296 5.0
4.41149917729428 5.0
3.334680598158016 7.0
5.534846353678392 7.0
3.8547190386793373 7.0
5.930131106575791 7.0
5.90219588157111 7.0
4.250283878721237 5.0
3.3489157242125427 5.0
3.01433088498117 5.0
4.6925469339153905 5.0
4.997062607954382 5.0
1.6798017361442439 0.0
2.188455715620084 6.0
4.063122082945964 6.0
6.10009255049787 6.0
3.767357428335898 6.0
4.469639606703293 6.0
5.349786650645447 5.0
6.72982432719656 5.0
6.219049188240723 5.0
6.665326257943878 5.0
6.307927481287757 5.0
4.156783412825488 4.0
4.094848338081399 4.0
4.047435070304593 4.0
3.116225860652379 4.0
3.1777920649264018 4.0
4.099846826928287 4.0
4.136712448939173 4.0
4.392797643339558 4.0
5.240471589894112 4.0
3.756679098493301 4.0
5.614300636731188 3.0
3.849621542216399 3.0
5.8310978087597585 3.0
4.168110198185563 3.0
4.96476878582511 3.0
4.849406921642624 5.0
5.326268377174994 5.0
5.952467269592396 5.0
4.511085643267897 5.0
3.9396243798099584 5.0
2.9681198852234645 2.0
3.15951980649296 2.0
3.635591907043306 2.0
2.7843460820556247 2.0
3.42818246438841 2.0
3.869381628792043 5.0
5.239785782125785 5.0
4.969268643983505 5.0
3.8965967966568518 5.0
4.694867507199334 5.0
4.72002631096811 3.0
3.1661978973722973 3.0
4.355755403229401 3.0
4.253040610478209 3.0
5.735778726359436 3.0
5.346010542544913 5.0
4.05772192803245 5.0
3.9555657576378302 5.0
2.969099832976724 5.0
4.712993675692936 5.0
5.305791431588839 4.0
4.756521931441315 4.0
5.836400142261997 4.0
5.715370669889268 4.0
6.0705517268081675 4.0
3.069526057957111 7.0
5.794107282403502 7.0
4.940095362721623 7.0
6.151146744092656 7.0
5.123066582838436 7.0
5.548062595893048 7.0
5.781399650997569 7.0
5.729755114190398 7.0
4.283929924121216 7.0
4.692464656785199 7.0
4.2481411844200965 5.0
4.960552865568589 5.0
4.678502972344254 5.0
5.09308139692854 5.0
3.086569326153519 5.0
5.8744754336210185 6.0
4.458506661016029 6.0
6.631075971323795 6.0
6.276582791449392 6.0
6.681204032372717 6.0
4.653722090615586 7.0
4.404209730219133 7.0
5.0883821823086075 7.0
4.265987832840076 7.0
5.518995904638111 7.0
1.772215442263349 5.0
5.4726038193275715 5.0
5.408641801924963 5.0
5.562714220921224 5.0
5.070854407697574 5.0
3.727318449521503 4.0
2.793960326816684 4.0
4.648193310843798 4.0
5.666741840092606 4.0
6.015304863505573 4.0
2.8332937787996455 5.0
5.397281597046885 5.0
5.699776390500506 5.0
2.741757048863813 5.0
4.421765856973926 5.0
5.004163145862518 4.0
3.761263011896064 4.0
5.415698234380964 4.0
5.4218901740554335 4.0
6.341717913622219 4.0
4.314467525936512 5.0
2.8406565013210963 5.0
5.313623989490755 5.0
6.425806406133627 5.0
5.618387709261968 5.0
2.217963126611362 2.0
5.185039409075345 2.0
4.827933731682042 2.0
5.447813455272985 2.0
2.2508386596936614 2.0
1.8224974579054787 4.0
4.836292281794619 4.0
4.602150022668017 4.0
3.6706010704068857 4.0
4.702649808546343 4.0
3.1295024974612757 3.0
3.896713726532592 3.0
4.019996566612902 3.0
4.685773811835427 3.0
3.8398220349207386 3.0
4.800068468144957 6.0
6.1539292782986585 6.0
5.409699146976035 6.0
5.533020349487635 6.0
6.046121226075817 6.0
2.4077434973297875 3.0
3.8553196541420456 3.0
5.374358422016508 3.0
3.953574856495825 3.0
1.491375749710581 3.0
3.953657028044122 3.0
4.074642098278497 3.0
3.9517765191124363 3.0
3.6759730547326286 3.0
4.7129473355435385 3.0
5.090838614646481 3.0
5.059654982962665 3.0
4.461237570910244 3.0
3.7059200199221176 3.0
2.095318827578377 3.0
3.4238158505874225 5.0
5.178642423608208 5.0
2.9858621617512022 5.0
2.8398905295739527 5.0
4.144897434763866 5.0
3.7602583030212022 4.0
5.734631176683304 4.0
5.44007521459728 4.0
4.592839780839531 4.0
2.140844231140048 4.0
3.180323702676742 3.0
3.2769874687783083 3.0
3.61253987023923 3.0
3.3342055777386985 3.0
5.466590929251705 3.0
5.440490891943519 2.0
5.74364740921736 2.0
4.589036925890097 2.0
4.965252771345666 2.0
5.189394528544833 2.0
4.5667369425044955 5.0
3.973651667859693 5.0
4.748892060143136 5.0
4.7242438331035075 5.0
2.1067934026691977 5.0
5.040540750023384 7.0
5.637075491519425 7.0
4.963443702009312 7.0
5.297747447556177 7.0
5.389074902174436 7.0
3.2580763758977866 3.0
5.176818486167029 3.0
3.127118508239097 3.0
5.427501148056311 3.0
3.7328985691002807 3.0
3.1744563318996497 4.0
5.259804003416339 4.0
3.3524505805916975 4.0
2.5810656827464267 4.0
4.829857073214634 4.0
3.263173518045353 4.0
4.010722343029519 4.0
5.107947548308084 4.0
5.4946759844070705 4.0
3.7164093985070576 4.0
3.9035145215865685 5.0
4.704133846364622 5.0
5.973361431183422 5.0
6.076635126551227 5.0
6.149328969384497 5.0
3.603358450919999 5.0
4.762777792032892 5.0
5.613555141971999 5.0
5.065476195863239 5.0
3.350416180023909 5.0
5.594288942572481 6.0
5.649040362480862 6.0
5.748271242370138 6.0
5.794394067209883 6.0
5.578037779895287 6.0
4.080117913390394 3.0
4.483225553036616 3.0
4.521921122498639 3.0
5.823352182410464 3.0
2.089303119052548 3.0
1.8285101432254087 3.0
3.488929780848015 3.0
2.654207650908935 3.0
3.839892208548783 3.0
2.858240654986938 3.0
2.5964451700378595 4.0
3.1297081517945586 4.0
3.275307336823228 4.0
2.8643588428097693 4.0
2.980629617622327 4.0
3.389844459436963 4.0
2.4027258568516756 4.0
3.21510226798272 4.0
1.9526729812654278 4.0
1.7632254557687677 4.0
3.615153043972319 3.0
3.7716784747187018 3.0
4.00467788245182 3.0
3.530433726448823 3.0
3.494845326812256 3.0
2.7217195703134363 0.0
2.4493594080740912 0.0
2.7735582770419525 0.0
1.9825608253197542 0.0
2.808575489354582 0.0
1.9656649807825284 3.0
2.513389222049998 3.0
2.9946849462485114 3.0
2.6701298835582343 3.0
1.6754840834150644 3.0
5.886625693902064 5.0
6.291019351144245 5.0
6.073968381564324 5.0
4.731905184872904 5.0
5.150312097828623 5.0
5.923931066926701 6.0
6.124002283747669 6.0
6.491816818585866 6.0
5.371678733409167 6.0
6.313257014596909 6.0
2.5898115531632366 3.0
3.111254763034614 3.0
3.6355117849973357 3.0
2.9279748082479884 3.0
1.3427006063895757 3.0
6.0228485672982295 7.0
5.348987855158224 7.0
5.760207615542851 7.0
5.729677550381855 7.0
5.576681800429557 7.0
2.1968638401556415 2.0
1.8731901811626757 2.0
1.0200587061278727 2.0
1.2482809079457733 2.0
1.4678195320525729 2.0
1.6472102480068525 1.0
1.9814354243461072 1.0
1.4409085697885582 1.0
1.1706612085173425 1.0
1.9272110601039156 1.0
3.9793031334251308 1.0
1.7960911072715247 1.0
0.745694861418041 1.0
2.4177028677116454 1.0
3.277963536315366 1.0
0.15314744945744083 0.0
1.513943116194691 0.0
0.6069081865080133 0.0
0.42142606675500877 0.0
1.3474617202748524 0.0
0.8283377176319203 0.0
1.4060192500328603 0.0
1.07322978454895 0.0
0.9188965881243564 0.0
2.005979366998598 0.0
1.115204703788904 3.0
3.400378824950209 3.0
2.9593102785178518 3.0
5.372269128022594 3.0
0.9794372730236768 3.0
4.257666573119113 3.0
3.373976927026136 3.0
3.9675080013270128 3.0
3.1405041256569466 3.0
3.0480660307072367 3.0
4.19383180550011 4.0
3.317162671741308 4.0
4.095015365271198 4.0
4.012134203114243 4.0
4.08388820668403 4.0
3.980741926754913 3.0
3.532996981463383 3.0
4.234089349085469 3.0
4.763553253483733 3.0
3.3876981103449193 3.0
1.9570339934190883 3.0
1.834245701284412 3.0
3.008496277126492 3.0
0.7319842632279353 3.0
3.097601464623737 3.0
2.4914433602468202 3.0
3.0100011944738903 3.0
1.980181736493613 3.0
3.598307391520256 3.0
1.3097311985677624 3.0
3.123138398532904 3.0
1.9071588737507326 3.0
0.6452626421433092 3.0
1.6303718569355938 3.0
2.522955511716116 3.0
2.9894945418682095 3.0
2.7352391568479115 3.0
2.548673747578399 3.0
3.5222150361832263 3.0
3.8553043407610366 3.0
1.9337281334355418 3.0
2.8329865721498466 3.0
2.6479928547403446 3.0
2.4727816944848096 3.0
1.1835283121421591 3.0
3.423913151355459 4.0
3.4762106692587973 4.0
2.9175935407280402 4.0
3.213943343448209 4.0
4.298335841146148 4.0
3.8334920547584463 1.0
3.954581227818527 1.0
3.5469734491081626 1.0
1.683698061678453 1.0
4.341683906546446 1.0
3.669540610817249 5.0
4.502645216646736 5.0
5.982187722661364 5.0
6.174256839848095 5.0
6.386465851640891 5.0
3.4137854945204977 2.0
3.4432350407269783 2.0
3.627551574909355 2.0
2.683344198362075 2.0
4.92643655049714 2.0
2.77689972563203 4.0
3.7188491383121884 4.0
3.428825950189421 4.0
2.77339183326901 4.0
4.161598867323504 4.0
4.904130244916818 6.0
5.563833201262638 6.0
5.601941422880059 6.0
6.5326660759953485 6.0
6.220020937484283 6.0
4.2282688930034915 5.0
4.355380596095635 5.0
5.692698303586401 5.0
5.195785329561602 5.0
4.472152195825972 5.0
4.27322838930259 5.0
4.602822807183954 5.0
4.600277820813644 5.0
3.565539128710915 5.0
4.099149769669759 5.0
1.7141705412409167 2.0
3.0710943948804146 2.0
3.166065519698031 2.0
2.994941605394866 2.0
0.41904864315312795 2.0
3.492237904082308 4.0
2.7119391392515033 4.0
2.39887899136226 4.0
2.0727994550512845 4.0
1.2568340969661937 4.0
2.664384940588477 2.0
2.096818355875065 2.0
1.4549509100580273 2.0
0.6477212711145421 2.0
3.119994076262611 2.0
4.925003892623391 3.0
2.878380863459615 3.0
1.5850305924626726 3.0
2.1017204483507093 3.0
1.6613483360774188 3.0
1.499731365856474 0.0
2.596888644223825 0.0
1.4449716098835348 0.0
5.152267525525235 0.0
1.834074243371454 0.0
2.1859395732570333 1.0
1.7579808523291156 1.0
3.3195285409815996 1.0
2.210830919303752 1.0
4.07082382931584 1.0
3.980492123877072 5.0
4.596321558400885 5.0
3.788836277637692 5.0
4.395240224082372 5.0
5.106509764470692 5.0
2.9376445541492107 1.0
1.584275265180583 1.0
1.572697361542908 1.0
1.3002953322936808 1.0
1.963486164724571 1.0
3.6358162341258504 4.0
2.9261800486485576 4.0
2.6142237119966585 4.0
3.1187802656919374 4.0
3.655008027330131 4.0
4.673639954712871 4.0
3.187481775930788 4.0
3.478720273950109 4.0
4.251503313112692 4.0
3.926308689572775 3.0
4.332910887243541 3.0
3.910649348765095 3.0
5.020575366934825 3.0
5.248543837961191 3.0
3.6916341063748295 0.0
3.288797101011324 0.0
4.387522249942433 0.0
2.309127065778482 0.0
2.59338458378334 0.0
3.5788033349704436 4.0
4.357323525902066 4.0
4.579919860760045 4.0
4.198987388784525 4.0
5.029127387490199 4.0
2.893325639570138 2.0
3.6370256932263705 2.0
2.027208745909079 2.0
4.786839540217502 2.0
4.511929877829635 2.0
2.9161788361162633 4.0
3.9831232648741843 4.0
4.448289289416296 4.0
2.4847401579015878 4.0
2.811974542889902 4.0
4.162352183472844 5.0
4.457214973875902 5.0
4.918538493088609 5.0
5.141295391938462 5.0
4.179876929766914 5.0
3.6695946675059283 4.0
4.509504580697213 4.0
3.1570149019519675 4.0
5.355355350873551 4.0
5.5326325084408445 4.0
2.405432162837791 2.0
1.8966465618169217 2.0
4.708921499945153 2.0
3.2073156788096524 2.0
1.7682185535591493 2.0
4.910586270147063 2.0
4.222517260470498 2.0
3.5869480769194926 2.0
4.312463795015649 2.0
2.077274579852568 2.0
5.570408607191131 1.0
4.853612367514027 1.0
5.1489507405605535 1.0
4.894688466078452 1.0
5.693915831619544 1.0
4.471924427118101 2.0
3.8692106721387303 2.0
4.205647393035727 2.0
3.9739111910735785 2.0
4.630826981889639 2.0
2.674140319844202 3.0
4.059247537543319 3.0
2.898240833555862 3.0
3.239837509018463 3.0
3.3676101884504464 3.0
4.808406932888741 4.0
3.4511337184174966 4.0
3.273970574961273 4.0
4.918409873296168 4.0
2.781125864275507 4.0
4.8268683095784874 6.0
6.379768578122037 6.0
6.196198367218889 6.0
4.610458110980179 6.0
5.194973197679655 6.0
4.165702389452053 7.0
3.9858266649901473 7.0
4.80744248346053 7.0
5.184813400254536 7.0
5.333182301457825 7.0
4.526972754621066 6.0
6.611783692487083 6.0
6.6043128864037195 6.0
6.1629716744643455 6.0
5.586586014660244 6.0
3.750563513822942 6.0
4.968354654462938 6.0
5.551131887799627 6.0
5.606547293777897 6.0
5.419985059097835 6.0
6.068692732969933 7.0
6.535845718984299 7.0
5.874420394832457 7.0
6.595708154468769 7.0
6.439797995679699 7.0
4.077166399270436 2.0
4.013643450325408 2.0
4.129750111928111 2.0
3.68764985352421 4.0
3.741881483926781 4.0
2.710750560288825 4.0
5.152317747252171 4.0
4.071698217053537 4.0
4.177844568071263 5.0
3.9547431960030965 5.0
4.745358886008519 5.0
2.6395760467990694 5.0
3.891050918959643 5.0
3.772708196923277 3.0
4.6378820364513995 3.0
4.354148051123198 3.0
2.1386954049134084 3.0
3.788506873449018 3.0
4.390103283946449 4.0
3.6691033749911917 4.0
5.5673653153844915 4.0
4.8073297237697865 4.0
5.473895101077844 4.0
3.4167279146633116 3.0
2.513322665013902 3.0
3.9623818828613144 3.0
1.8117058887692559 3.0
3.4562588257548192 3.0
3.665303400564594 4.0
4.499887207695926 4.0
5.0785145062572745 4.0
5.835433378994089 4.0
4.963751210324086 4.0
3.476463911097735 4.0
2.162198242855641 4.0
2.6762529097921717 4.0
2.368297447259966 4.0
2.8244426882815756 4.0
3.752812361330045 5.0
5.07519978833115 5.0
5.5338676356097 5.0
4.996641241282987 5.0
5.072967142110344 5.0
2.884837604284568 4.0
3.402785108602075 4.0
3.177672243099293 4.0
2.9142233331577394 4.0
4.064277449164773 4.0
2.0537377437443243 7.0
2.9227171216649634 7.0
5.63681760543569 7.0
5.012928235839284 7.0
3.5487123511588963 7.0
3.6796266877787214 5.0
5.112219505554067 5.0
3.109481062914431 5.0
4.705788485227731 5.0
3.206152706650447 5.0
3.9371460956197604 6.0
5.852194968559083 6.0
5.080162786769068 6.0
6.179746640491548 6.0
5.672232679539587 6.0
3.0800947190463637 3.0
2.397416896192821 3.0
5.913290767749936 3.0
4.457235135666095 3.0
3.1339800403905667 3.0
4.676331839682668 6.0
6.064486244821502 6.0
5.803079312675934 6.0
5.830841950528333 6.0
5.4359619785196465 6.0
4.030572551450718 5.0
4.262124009244008 5.0
4.213760390385592 5.0
5.188765444653417 5.0
3.738639448803151 5.0
3.2520524328849576 5.0
3.9999221602693673 5.0
5.51172952058075 5.0
5.498025367479621 5.0
4.498479293363693 5.0
2.5898080438867406 5.0
3.6617844109678033 5.0
4.380128305200643 5.0
3.0462485425024646 5.0
2.80126299544315 5.0
3.338212937370378 1.0
2.3438888150752004 1.0
2.6040626678103833 1.0
2.956563986730331 1.0
2.6121947468468116 1.0
3.123160241082709 3.0
2.5548122669226507 3.0
2.008994474866859 3.0
3.242647337671646 3.0
2.281501982489523 3.0
4.7280242360027875 4.0
3.673026321908033 4.0
4.083513067504821 4.0
3.320784085401668 4.0
3.1749055630357743 4.0
2.9832676933719684 5.0
3.060364678314423 5.0
3.6153615126541507 5.0
2.842685950454729 5.0
3.437882228896761 5.0
2.3752743602492963 5.0
3.1068626452584702 5.0
3.0819304295866323 5.0
3.8784035049351315 5.0
2.7758164295830374 5.0
3.7786603237433996 4.0
3.4023775878919826 4.0
3.570524530244896 4.0
2.7743418802329023 4.0
3.400935768314929 4.0
2.331697230082015 4.0
1.0017340487659245 4.0
1.896338847176001 4.0
3.9360212763037308 4.0
3.9595360634181977 4.0
1.5366736485403298 1.0
2.357765024402384 1.0
3.440166396464491 1.0
1.6241015688209277 1.0
3.831040757161112 1.0
4.037867990629227 4.0
3.0787361985333135 4.0
2.8354138870417898 4.0
3.047381229835242 4.0
4.002182485543532 4.0
2.226751671746213 3.0
2.536841715648742 3.0
4.316873898431831 3.0
3.6552152283394217 3.0
2.5143195156671423 3.0
4.48106858278557 4.0
3.8692413403130805 4.0
3.9857620346479714 4.0
4.592524018537159 4.0
3.245468295125107 4.0
4.885932800004047 5.0
2.6120085533876685 5.0
3.3170956644632725 5.0
5.12611619628679 5.0
3.8154446673694413 5.0
3.8810315154597865 5.0
3.638850914444923 5.0
3.6807232931208795 5.0
3.330112357400622 5.0
3.7792020032837157 5.0
2.401033578895854 5.0
2.610327456802165 5.0
3.1997190468205403 5.0
3.4402202398138666 5.0
3.945718150243778 5.0
2.1654494928628454 2.0
3.8534551151196945 2.0
3.3323669255939525 2.0
2.648955759334616 2.0
3.269082390734231 2.0
4.046282400081601 3.0
3.059988756827737 3.0
3.635836805061835 3.0
4.6628234105014466 3.0
4.287854363675107 3.0
2.1138110214627255 5.0
2.9402697602987105 5.0
1.0743143282733219 5.0
2.663862299356583 5.0
2.641592183382854 5.0
4.095236868420269 3.0
4.461400095546408 3.0
4.297013145084412 3.0
3.2399243656331502 3.0
3.7270974713737757 3.0
3.343157260731986 3.0
3.351854073204225 3.0
2.7636566840056407 3.0
2.0494183397878523 3.0
3.332555213976456 3.0
3.935290045671309 6.0
5.408676956719965 6.0
3.6560407386784277 6.0
4.313814326858132 6.0
3.7819911058733795 6.0
2.948905602637336 5.0
3.6838842474283076 5.0
3.694121979973946 5.0
3.5890435727791803 5.0
5.376539587719342 5.0
4.8495437413596605 4.0
2.800093340017805 4.0
3.2458044778211033 4.0
4.064782730235247 4.0
3.9356551770713764 4.0
3.908358305756206 3.0
4.35362479978223 3.0
2.9397406535624673 3.0
3.3313396210406974 3.0
4.8184950781085325 3.0
1.7467180110729235 4.0
4.0970782831083445 4.0
2.9732701283091827 4.0
1.910484179111914 4.0
2.1489391487339864 4.0
3.1775396314130337 2.0
2.10065974227683 2.0
2.649818951800583 2.0
1.916760463125915 2.0
2.7798775555816366 2.0
2.6367026917078746 3.0
1.928475125971503 3.0
0.6531701701576732 3.0
5.174752079563955 3.0
3.2958126442049025 3.0
2.349918541784829 4.0
2.455529450374578 4.0
4.1251817391540655 4.0
5.134233463838969 4.0
4.95700325333974 4.0
3.0840747854710724 2.0
3.8339275850010357 2.0
2.761474766332237 2.0
3.1466557810922935 2.0
4.173661601886803 2.0
2.1333853503791285 1.0
1.6039525736140614 1.0
2.085194808184886 1.0
1.206716433843556 1.0
0.28519863545378155 1.0
3.2857699334883623 2.0
1.7021051081314567 2.0
1.4468292945457903 2.0
1.4765537725774651 2.0
1.9079279393744448 2.0
0.5777116938428531 3.0
2.1891232425740035 3.0
2.969757261601971 3.0
4.382401767689756 3.0
2.278535009353793 3.0
2.1832301564157817 5.0
2.171940975149551 5.0
2.2052447561930255 5.0
2.3106470181018857 5.0
2.614054524341359 5.0
3.5489466983383204 7.0
3.6069742162444816 7.0
5.993872154458779 7.0
4.669316047652652 7.0
4.216530513649792 7.0
2.4480803370925828 2.0
1.948327249659934 2.0
1.4286289841054352 2.0
1.5323492405761288 2.0
1.9871840751762404 2.0
2.958245334466819 3.0
0.8377304710864072 3.0
1.6485829325950827 3.0
2.4985622580552254 3.0
3.6482561972525147 3.0
3.295344092358575 1.0
3.6242366993313597 1.0
4.211562726862338 1.0
3.0443222444996807 1.0
2.4987510856904076 1.0
3.043705275225882 5.0
2.291260142213132 5.0
3.1611822405737464 5.0
4.115822589272891 5.0
3.0137215196414253 5.0
1.9619264383930892 1.0
2.868367323988478 1.0
1.8495100632242776 1.0
2.8775316839092744 1.0
1.786174553476543 1.0
2.7273288856637143 5.0
3.318435280511075 5.0
3.6190939166360883 5.0
3.05596245686697 5.0
4.334494851027649 5.0
2.2120574655429164 4.0
2.567468252667402 4.0
3.706635285455608 4.0
4.23346525097819 4.0
3.7266015601716034 4.0
3.008097839162807 5.0
2.404356780956786 5.0
1.5899894542404873 5.0
6.225253200897493 5.0
6.173282952536179 5.0
0.7587121253418488 3.0
2.878533079169807 3.0
1.5436027893927642 3.0
2.6163628143542144 3.0
1.896603851122579 3.0
3.1743484031571776 3.0
1.5282066143909911 3.0
1.7748657720870609 3.0
2.967667004706167 3.0
2.7983553806315133 3.0
4.67489002463711 4.0
4.583441781415534 4.0
3.809053423946677 4.0
4.408844359281534 4.0
4.60291046123233 4.0
2.9210207575969984 3.0
3.6118690935346796 3.0
2.9697832218615567 3.0
2.537281359272529 3.0
4.737242042013851 3.0
0.7991606851413653 0.0
0.8041128621069156 0.0
1.2903502941828962 0.0
1.5477283799028583 0.0
2.036399928526126 0.0
2.576206622727636 3.0
1.4614695044381307 3.0
1.6098161958280155 3.0
2.658180252198389 3.0
2.5225390985336884 3.0
2.8122050894706274 0.0
1.2950385571562906 0.0
2.7005811851517234 0.0
1.316890606527509 0.0
1.1785337854979019 0.0
2.3026402713606173 3.0
0.6937415620246905 3.0
1.4155577252141385 3.0
1.2301665053312754 3.0
0.8442738834504283 3.0
1.7926084483665015 1.0
1.6239157293645023 1.0
0.7071929178781992 1.0
1.4589413357325294 1.0
2.089325527604891 1.0
2.942353175942565 2.0
1.6510069419712061 2.0
2.3981052313076083 2.0
2.394746362043831 2.0
3.246735950317491 2.0
2.7647926775484732 4.0
3.4037733337018388 4.0
2.2959958619611083 4.0
1.8103697662625582 4.0
2.365886734141477 4.0