3.6957626295913935 4.0
4.204847578418513 4.0
3.0417668288697204 4.0
4.089313373206173 4.0
2.2470256569836122 1.0
2.5747281226429166 1.0
3.194652848983255 4.0
4.383949155129978 4.0
4.1396138023222155 4.0
3.9012762501083484 4.0
3.650298777151802 4.0
3.2742203530993352 4.0
4.136312990887046 4.0
3.148950728350912 3.0
2.7752975379196796 3.0
3.7964426453794777 3.0
1.5938207766228674 0.0
2.41474122471055 1.0
3.6890194090639747 4.0
2.290657375089025 4.0
4.234400374023276 4.0
1.8338309240707704 2.0
2.9246308917838943 3.0
2.552664610974004 3.0
2.8369672168285396 3.0
2.0465538384452056 0.0
2.989850143113804 3.0
2.2923487924104693 3.0
2.37934920426786 3.0
3.049381621457978 2.0
2.5707143554481906 1.0
2.8000194417768487 4.0
1.1462207885092743 2.0
4.280552239135502 4.0
3.209948233346175 3.0
3.8297173080660665 4.0
2.489188811455314 3.0
1.245277040013017 1.0
3.6867655862302007 4.0
3.532963380094748 2.0
1.9581681316444834 1.0
3.9514374915790205 4.0
4.325733262760918 4.0
2.772632388296013 4.0
2.2991988432848363 1.0
3.357822133909071 4.0
2.5126206360303147 1.0
2.5918393220214577 3.0
3.538643848609456 4.0
4.418397924334632 4.0
1.941104117826025 0.0
3.6601893885948558 4.0
3.5961146150215884 4.0
3.8702534940125526 3.0
2.705575197250245 4.0
3.4558943850865074 3.0
2.351038821014493 0.0
3.3962225414827945 4.0
2.3941838193732448 4.0
3.0292832523944275 4.0
1.6752680312177488 1.0
3.5350719042954557 4.0
3.9503645864284804 4.0
3.2128590326725037 2.0
1.929506235771929 0.0
3.693511870835037 4.0
4.2523662736128305 4.0
4.144811744914703 4.0
2.569748669226694 3.0
2.4650744879472333 4.0
2.3638567364416314 4.0
4.158412555242225 3.0
2.060877789247855 0.0
3.1846552274893023 4.0
3.889428885950597 4.0
2.6769137747518217 3.0
3.3268327538930897 3.0
3.994463355575581 4.0
1.390959749920035 2.0
2.9128587661506558 3.0
4.071414068269453 4.0
3.5602344309097074 4.0
1.432201606408701 0.0
1.495420393055543 1.0
1.8939547669909835 3.0
2.0224197199515777 1.0
1.8141047243605533 2.0
4.034166838871921 4.0
3.613355324736837 4.0
3.221178614114992 3.0
3.0230942553955824 4.0
2.8762668829089293 3.0
2.673973376303219 3.0
2.722570373253026 4.0
3.2374476712744915 3.0
3.5026516233739953 4.0
3.307538075744689 3.0
4.005565196630185 4.0
2.4927917818986804 3.0
2.1122685728862503 0.0
3.893385991715806 4.0
3.0597606168890588 3.0
3.2604526637843785 4.0
3.22731305345462 3.0
3.0160577067773833 3.0
1.9647854482902436 0.0
3.957212106182568 4.0
3.857372715543546 4.0
3.904732749642336 4.0
3.4120809828329666 4.0
3.260025990093528 4.0
3.6491236153824875 4.0
2.7933883119262184 3.0
3.4311519780528066 4.0
0.646094176199409 1.0
2.0025000777447595 0.0
3.854102259900176 4.0
4.110490164825987 4.0
3.8352638051918806 4.0
2.2748007440032447 0.0
3.1552753636583253 3.0
3.3829514812643655 4.0
4.398751571834838 4.0
2.391173361162962 1.0
3.8047213237980113 4.0
3.454144468491595 4.0
2.951384598401347 4.0
3.433617002428454 4.0
2.448031412073922 3.0
1.7186414196501731 2.0
1.3508793428413637 3.0
2.8358514943862003 4.0
3.8197762628687917 4.0
3.4770124550007564 4.0
3.3500255086876205 4.0
2.881661142398473 3.0
3.679654176382007 4.0
2.7277572275457214 2.0
2.4453593568249685 2.0
4.088755060759614 4.0
1.6065044424710702 0.0
2.6355367332827218 1.0
3.403589982548783 4.0
2.5684234278107043 3.0
3.468499581317432 3.0
2.762093326406492 4.0
4.123802288060827 4.0
3.1116009933942728 4.0
3.1366938970302485 3.0
3.5082884643824377 4.0
3.0531002984998397 2.0
2.949373670220896 3.0
4.309764087244959 4.0
1.535017992120236 0.0
3.3831241063403317 4.0
2.5792832541802566 4.0
3.862501677445602 4.0
3.8887932638931115 4.0
3.657266103610425 4.0
2.985238093712816 3.0
2.8739820232556905 4.0
3.352035643199951 3.0
3.9316374921815234 4.0
2.431408711150654 1.0
3.43793148424097 4.0
3.41764344214248 4.0
4.103257300997049 4.0
2.665567127574038 2.0
3.59502011329647 4.0
3.813049624860077 4.0
2.121275480709721 1.0
3.1323952588688284 2.0
3.7688145308888146 4.0
3.967232102377208 3.0
4.020568651247026 4.0
2.499606640652827 4.0
2.913735680383809 2.0
3.626874025232752 4.0
1.3143839703223432 0.0
2.6226317087382 4.0
3.5256610560157284 3.0
1.4925207564198741 0.0
3.996357932960241 4.0
2.0521952147960674 1.0
3.889616807035985 4.0
3.3957100751447387 4.0
1.2158233255723028 1.0
1.8925641151545785 1.0
3.2292950417652033 4.0
2.564554131368486 4.0
4.114585292095311 4.0
4.033644028910494 4.0
1.968705589455931 0.0
3.815960845119325 4.0
3.1454277830301267 3.0
0.499976382320392 1.0
2.060326873423977 2.0
4.140899365918437 4.0
3.511178465713658 4.0
3.5043935300058218 4.0
3.234932432744732 4.0
3.705759210174766 4.0
2.775749817113999 4.0
2.1623372575123776 4.0
2.7990904613475953 3.0
3.2432092122340332 4.0
3.524612305075715 4.0
2.6283389005940645 1.0
3.7802717687555925 4.0
1.9135479184943578 3.0
2.707936523952527 3.0
3.3811164590584113 4.0
2.2074705520103173 3.0
3.6496746131883944 4.0
3.911214814119017 4.0
3.1557118611278474 4.0
4.228607179708035 4.0
3.0511945698182057 3.0
2.0777058245327074 0.0
2.1960889907219943 1.0
3.54333489909369 3.0
1.464900087713311 0.0
4.108524740977679 4.0
3.707141736734883 3.0
-0.8804698153445931 0.0
3.3034335705125057 4.0
4.318096971319392 4.0
3.6423294778361957 4.0
2.5231414530483223 2.0
3.021716610335562 4.0
0.6975874384162397 0.0
3.500611177812325 4.0
3.4082517255142752 0.0
3.737673084228506 4.0
2.184409909058142 0.0
2.0639752270037994 4.0
2.6915154775494514 4.0
3.5026793674988346 4.0
3.360752455430503 4.0
3.9446344646022924 4.0
3.8292346587131485 4.0
3.4973396630337916 4.0
3.7493933705619975 4.0
3.32667194811172 3.0
2.171418316123165 2.0
3.8641597636905862 4.0
3.864226578811099 4.0
2.1923779026857524 3.0
2.70406116037025 3.0
3.16753538120933 4.0
3.2199281633962586 3.0
3.0034833771512455 4.0
3.1693865917929687 4.0
1.0172217306497577 4.0
3.3304865059775333 4.0
1.817927775637719 1.0
3.463720713246209 4.0
2.8646621336532654 4.0
2.107737539807244 2.0
3.03130049242915 4.0
-0.31883012392449217 0.0
3.2491361574290494 3.0
3.867844673143443 4.0
3.424439037243924 4.0
2.3809485467781473 0.0
4.169000552432113 4.0
2.7929596261928005 4.0
2.85680927283013 4.0
3.212072304770632 3.0
3.481200203507007 4.0
4.478361915367274 4.0
2.6627713753743114 3.0
2.8774978652393237 4.0
3.971468534184119 4.0
3.6956277980813557 4.0
3.964616405517498 4.0
1.93206133628683 1.0
2.5303826358176034 4.0
4.2248855817313915 4.0
1.368523352628256 0.0
3.657607543553775 4.0
2.629458595096975 4.0
1.5445148743153285 0.0
3.4270311706860914 4.0
3.0129847801391376 3.0
2.179171913280688 3.0
3.7553116640941155 4.0
3.686583981422215 4.0
4.30635381551665 4.0
3.7306077390480326 4.0
2.337124159841732 4.0
3.770979676956065 4.0
3.854605628827776 4.0
4.058993458189324 4.0
4.1256169572968435 4.0
3.2835184891446696 4.0
3.2242550523417712 3.0
4.3907446284572345 4.0
2.288622039027457 4.0
4.041228777895919 4.0
3.952345943320834 4.0
3.8775115369925306 4.0
3.0721346597117636 3.0
2.6300803050919352 1.0
3.801089158124311 4.0
3.1780467088104984 4.0
2.6372591703911743 4.0
3.951966082663077 4.0
3.9096701893176657 3.0
2.50985258265987 0.0
1.438691088199716 1.0
3.9950544545836744 4.0
3.4481977385905083 4.0
3.4264512655801047 4.0
4.296906924997263 4.0
3.4950799456619146 3.0
3.505441258102908 4.0
3.529918129823125 4.0
1.7583275618053107 0.0
4.095141553975274 4.0
4.024714542164382 4.0
4.172906503418997 4.0
2.2705318430701 1.0
4.000692205133327 4.0
4.143857670485576 4.0
2.0189275733317515 3.0
4.099818045186908 4.0
3.2712964966185565 4.0
3.1669663115433426 3.0
1.653744919519525 1.0
2.1892894433057264 1.0
2.400727493177527 2.0
3.5751421275022786 4.0
3.8476091448094056 3.0
3.899172586657188 4.0
0.5971840011691034 0.0
4.3309131972731745 4.0
3.4408382424310036 4.0
1.2727305772564925 0.0
1.824103217352952 3.0
4.205762899575276 4.0
3.6447126508449745 3.0
3.7747485308879583 4.0
2.0715233281226038 2.0
4.194917395708826 4.0
2.3227628159234603 1.0
2.575716529536879 3.0
2.3628712304947266 3.0
2.8990693834352905 3.0
1.5184207002614487 1.0
4.501555864534382 4.0
2.7519520527445946 4.0
3.5735578702094832 4.0
3.1520881283615383 4.0
3.127169109045969 4.0
1.2111800567412119 0.0
4.366667864804471 4.0
2.5375699925458273 1.0
3.375918849226209 4.0
3.5697908070382036 4.0
3.2584017101763374 4.0
3.591827812314766 3.0
1.6275052554647207 2.0
4.012223731756439 4.0
4.474360686653368 4.0
3.36314924485956 4.0
3.5973415868885263 4.0
4.246881242008156 4.0
3.28883583403325 4.0
2.610295192548926 3.0
3.0983817595528116 4.0
2.380969386735792 2.0
3.395154123840732 3.0
3.4542892870253024 4.0
4.229560730028705 3.0
3.172657471634044 4.0
3.873339733672754 4.0
3.7096732647680817 3.0
2.2171756687981468 2.0
3.168929749779646 4.0
3.680418106990164 4.0
4.444447915485335 4.0
2.1985355721484803 2.0
2.618365846135518 4.0
3.4393108593324744 4.0
2.68700209972887 3.0
1.3460265886170948 1.0
3.2787900738916145 4.0
3.3290060700808484 4.0
3.6666141181692717 4.0
3.314313049095599 3.0
2.281074950511111 3.0
3.4815291006375872 4.0
3.089557159577039 4.0
2.4161278394052053 4.0
3.3895463463623487 4.0
3.075029153960223 4.0
2.41468269931159 3.0
3.78905580074003 4.0
3.809539378216475 4.0
2.8475089499590975 3.0
3.3173745319503203 4.0
3.022819754077977 4.0
3.613530136562158 3.0
0.8066854440720754 1.0
1.3023622003518334 3.0
2.9856513874372954 2.0
3.1641967956288513 2.0
4.465254486932003 4.0
1.0336015979196338 1.0
3.4519125081902535 4.0
3.3954208137169086 4.0
2.9969726785105717 3.0
3.9656237835410257 4.0
2.035307144823965 4.0
3.676921680698624 4.0
2.52946843195814 1.0
3.7034726012766326 4.0
2.4659561312328027 0.0
3.889250289648559 4.0
3.658865068865383 3.0
3.417872049316201 4.0
2.799006973753877 4.0
2.6446543291905895 2.0
3.9295975388366635 3.0
1.4301261377324934 1.0
1.7232148772259017 0.0
3.1537116909032044 4.0
3.435741075916562 3.0
0.06836102447819026 0.0
3.399000433775595 4.0
3.3172434685660903 4.0
2.8859397242117266 4.0
4.24811379224526 4.0
2.7522420773507603 4.0
0.44955135776828703 0.0
3.8804582139786605 4.0
3.9004469304997533 4.0
3.331764285180131 3.0
2.1997426016434276 1.0
3.7930562737922067 4.0
4.029240610957863 4.0
4.1157252540969855 4.0
4.415512776312806 4.0
3.41872988603326 4.0
2.9457897350658184 3.0
1.688387305062267 3.0
1.9097540096739545 3.0
2.225969748354148 1.0
3.2380701795681626 3.0
4.410967788955763 4.0
2.9030168310790794 4.0
4.061456506833491 4.0
3.87027142509576 4.0
3.2870046920447393 3.0
4.07246703529927 4.0
2.653024730784198 1.0
3.977077239597201 4.0
3.839064221971954 4.0
3.6496350948954595 4.0
3.232659985299459 4.0
3.467055941521796 4.0
3.4670164182516423 4.0
1.8169307539113957 3.0
3.3986115153383247 3.0
3.2443257038933107 4.0
2.383914761826956 3.0
3.5410929675942064 4.0
1.7584545266908371 4.0
4.018681026317436 4.0
3.4515152226464236 4.0
3.5384471133042092 4.0
3.3944791618825807 4.0
4.547520670778951 4.0
2.421329540763714 3.0
4.121054849048952 4.0
3.2776943048280582 4.0
3.2598751638549324 4.0
1.7276021965156687 0.0
2.7774695241076133 4.0
3.1429609242012653 4.0
2.6803552337475303 3.0
2.381345280747359 2.0
4.265003808286659 4.0
3.909148992272237 4.0
4.354748081174734 4.0
3.291611752759085 3.0
3.3465491742357285 4.0
3.0801086382410157 4.0
3.328387708860312 3.0
4.347997679996552 4.0
1.29576176979994 0.0
3.782629739534592 2.0
2.6687180216135893 0.0
3.788303691025127 4.0
3.8694579448356485 4.0
1.57663219604725 2.0
2.166138675263343 4.0
3.161057097350853 3.0
2.817107402006573 1.0
3.7755188026725186 4.0
2.4139536741331504 4.0
3.5240189460975744 4.0
3.711068520704205 4.0
4.1640513985260705 4.0
3.7353350058622707 4.0
3.5647055458836485 4.0
3.7041430301456524 3.0
2.8601820066365775 1.0
2.824537207566462 2.0
2.876328857547466 4.0
2.1821131359138284 2.0
3.662671945743682 2.0
3.12531637942131 4.0
2.7683191056498204 2.0
1.3819128594781764 2.0
3.9738849738056947 4.0
3.9358092734722163 4.0
3.3788255646663607 4.0
2.92161340313967 3.0
3.6852643379959416 3.0
2.4617795885329405 3.0
3.4541661720024885 3.0
2.397629122881183 2.0
2.2134220930084636 3.0
4.354438391340874 4.0
2.4910415476518812 0.0
4.046956889198727 4.0
2.907861092653741 4.0
2.348064965335263 3.0
3.058737257842507 4.0
4.287288688639264 4.0
2.453954422607631 4.0
2.0750859810458095 1.0
3.4718064436252742 4.0
3.3786922286468295 4.0
1.1760703887453285 4.0
3.8969397228423723 4.0
2.1653829092114423 1.0
3.501569156462666 3.0
3.3064359139810326 4.0
3.943671969617962 4.0
4.217299804896959 4.0
3.1940082501100875 3.0
4.125070270680668 4.0
3.798409389237217 3.0
4.247356633270969 4.0
3.8578397664572526 4.0
3.00500318545594 3.0
0.8895481910946619 1.0
4.395890355219674 4.0
4.295751713690708 4.0
2.289251171864775 3.0
3.855984032880782 3.0
4.292196485319865 4.0
2.678711452124218 2.0
3.2814171874859985 4.0
2.4282824605179254 4.0
4.041535504732428 4.0
3.251746484511978 4.0
1.954746235839821 2.0
4.215212608126576 4.0
3.9502115483868154 4.0
4.017443688516137 4.0
3.3170023076782593 4.0
1.5124974852892579 2.0
2.3824762951746656 3.0
2.241954007893785 1.0
2.319539653296551 3.0
3.5264275148580815 4.0
1.7830476992546904 3.0
1.7450891293073219 3.0
3.4514065963798313 4.0
1.559692307781995 0.0
2.448034429421294 3.0
3.269981098159062 3.0
1.550786925816185 1.0
3.320208456600059 4.0
3.8100280557221584 4.0
3.2198505026062954 4.0
4.101462728850929 4.0
2.44288979062644 3.0
4.351482104811464 4.0
2.2319665086603857 3.0
2.5338162726570417 4.0
2.19388339902859 2.0
3.8077893869419785 4.0
4.292345618664009 4.0
0.3068132587239054 0.0
2.694786822143312 3.0
3.938793305947514 4.0
2.7798950211696187 3.0
1.6828463467945043 1.0
3.733735084865285 4.0
1.9409044311810462 1.0
3.496155799400923 3.0
2.4724923725914616 1.0
3.50457170105219 4.0
1.9523298788201693 1.0
4.512348903373895 4.0
2.4365497267739293 2.0
1.807819118327982 2.0
2.885289383920423 3.0
3.739478457544098 4.0
3.3314405614877964 3.0
2.438077448797367 3.0
2.357493561519293 3.0
2.837902718027781 3.0
2.946330189386421 4.0
2.7688179744358106 4.0
1.2114112320158292 2.0
3.237248202129944 4.0
2.0214189425651115 3.0
4.333861955557064 4.0
3.719948946476663 4.0
2.575540780857014 3.0
3.6300049378593853 3.0
1.9976787516599002 3.0
1.708299264862771 0.0
3.1123602966164983 4.0
3.947975857821204 4.0
2.6608496488094797 3.0
3.5853037893317294 4.0
1.991650064583156 2.0
-0.1819060140062807 0.0
3.5772082384472847 4.0
3.059687542090738 3.0
4.496102744396807 4.0
3.0526523404402335 4.0
3.6552141172252206 3.0
2.8777288439391917 3.0
2.803583959917753 1.0
2.022032891869696 3.0
3.6249448939910973 4.0
3.3409985919919967 4.0
1.867462896927809 1.0
2.201945658020967 3.0
3.810278972959275 4.0
3.2529391276894497 3.0
1.861980037586731 2.0
2.20568926367567 0.0
3.15139899106547 4.0
3.898064405202124 4.0
3.3321064989729203 4.0
3.393464618315252 4.0
3.4410771694720683 4.0
3.9436380452613973 3.0
2.666939206077056 2.0
4.1442378513976825 4.0
3.302296566209539 4.0
2.6342542242111335 3.0
1.1181837947181403 2.0
3.7500252889365244 4.0
1.0987480066766624 0.0
4.126685658095185 3.0
4.241656590000831 4.0
4.538734838217077 4.0
2.168041590956876 1.0
3.7821061822797057 4.0
3.387545714917848 4.0
3.865430777949398 4.0
2.627950446355656 4.0
2.326499295393944 3.0
3.246200203391405 3.0
1.1328866928709953 2.0
4.399379053456864 4.0
2.6970077926062315 2.0
4.069569216165908 4.0
4.156787486571149 4.0
3.860561298774053 4.0
2.3365879746646323 4.0
2.279450002840232 3.0
4.378740944858281 4.0
2.9289598765476414 1.0
2.340928074017472 0.0
2.1497577068200626 2.0
4.157608783917099 4.0
4.00112066408782 3.0
2.64920942485998 4.0
2.0792008382509195 1.0
1.3034778361097095 2.0
2.148309698711852 0.0
4.06211945288897 4.0
4.134508370598435 4.0
3.1389248904444207 2.0
4.154427705398568 4.0
3.876216031959763 4.0
3.767119866324963 4.0
3.1382594821294205 4.0
3.848314280251988 4.0
2.982766437777128 3.0
3.2700038931058124 4.0
2.9931745123519073 4.0
3.344009246328099 4.0
1.582452213985079 4.0
3.0490990423708313 3.0
4.281372577953507 4.0
2.161803347319058 3.0
2.8573742040526904 3.0
3.3004804414789426 4.0
1.7531957839415506 0.0
2.4437101698345476 3.0
2.0497089326898363 2.0
3.302332660891622 3.0
4.51125186098646 4.0
2.987267148974233 4.0
2.063573355538606 1.0
4.543205102014425 4.0
3.7050201069406477 3.0
2.598724064115398 4.0
1.9484136816840745 0.0
4.345582698918606 4.0
3.9594253123814322 4.0
3.440656105292411 4.0
2.6965560760903005 1.0
3.4947205362689733 4.0
3.1031181902934417 4.0
4.259156600172064 4.0
3.4682279336223782 3.0
3.016902794399856 3.0
3.1259239103634764 3.0
3.2941433621737746 4.0
4.112970588348964 4.0
2.66194090989716 2.0
1.1618317348652472 0.0
3.783785948890909 4.0
3.4399636550275456 4.0
4.357186944642668 4.0
3.310389997514796 3.0
4.317983347283558 4.0
3.629203739282013 3.0
4.01660339548246 4.0
3.4356462815213353 2.0
2.0071473103686612 1.0
4.112272240300783 4.0
2.224736828842954 2.0
2.1953838415339173 0.0
1.8068650179527692 3.0
3.609726801324685 4.0
2.9329489148685717 3.0
3.3769949775316297 4.0
2.4687415384404643 2.0
1.4726903293266114 0.0
3.820413882298017 4.0
2.3920625757865936 1.0
4.387359136170345 4.0
2.9023413767305453 3.0
0.6492788379247614 2.0
3.5105795562723365 4.0
3.873215415758672 3.0
4.035088977119212 4.0
4.523655740768875 4.0
3.1778024491787535 3.0
2.2775989713959297 4.0
3.199329735068157 4.0
3.0159713334159868 3.0
3.7531161321041564 4.0
1.6481889667434206 1.0
2.2331104009881737 2.0
2.9203687911771423 2.0
3.576039371835077 3.0
2.769704854957956 4.0
3.7315244052493064 4.0
3.7404710175520126 4.0
3.4154752599768106 4.0
2.6832473798142003 0.0
2.479510169499423 0.0
3.9350440642750106 4.0
2.2300285090855394 0.0
3.576170448063852 4.0
3.0353787553685487 3.0
4.288912898321808 4.0
4.031627472081129 4.0
3.7989803163066753 3.0
4.42317846244245 4.0
3.9614859065835795 4.0
3.493230296545577 3.0
3.069861630871322 4.0
3.4595382682052636 4.0
3.1527823481719244 3.0
2.2970397416066017 1.0
2.7862253708578537 4.0
3.6299342956585763 3.0
0.004115264220477366 3.0
3.9165740339957713 4.0
3.1024140821601316 4.0
2.7119029796423595 2.0
3.177199869160601 4.0
3.6934977104678017 4.0
2.5060303122250565 1.0
1.5373859088621935 1.0
4.203661558720072 4.0
2.5600218344307484 3.0
2.9970319430927175 4.0
3.8509546846531206 4.0
1.7152661938235934 1.0
2.260169960096109 4.0
2.458169574323926 4.0
2.5004145408951546 2.0
2.708214246450055 4.0
2.6709673482485785 3.0
2.5046246179648586 2.0
3.092072014841909 3.0
1.4748819233605497 3.0
2.992280057753944 3.0
2.117695793865372 0.0
1.8465654424637576 2.0
3.2308635978672164 4.0
2.5337805298585936 4.0
2.8423808248820723 3.0
4.379484613934205 4.0
1.9230590317530725 3.0
3.7919782550513323 4.0
2.2483288009805094 1.0
4.056026386214602 4.0
2.0354570495327984 0.0
2.922324814471689 3.0
2.397902433635606 1.0
3.419962683465365 3.0
3.140149288466522 3.0
2.116688941634746 3.0
3.0870266651784224 4.0
1.814112609197179 0.0
1.7382904935683157 1.0
3.0515609940637294 4.0
0.09719009841518922 0.0
2.1028337023021217 3.0
2.9730458487576215 4.0
2.1508736998813034 2.0
1.9670203109440987 3.0
4.196491194160696 4.0
4.248253071587326 4.0
2.332094662689242 0.0
1.3059818213515197 1.0
3.6632394541690587 4.0
3.3021992221337246 4.0
2.959567050721236 3.0
3.808366822773709 4.0
4.012840291154799 4.0
3.6403929196277396 4.0
3.3042001309505924 3.0
3.0506278566988305 4.0
2.064951439311133 0.0
4.328135009899665 4.0
3.907145524747758 4.0
2.422855864791827 3.0
1.6916183622447578 1.0
3.392640296996471 4.0
1.672171348215282 1.0
3.9327311445158815 4.0
4.345840116865451 4.0
1.5835821975098079 1.0
2.7819053696440754 2.0
3.4745173136584704 4.0
2.164188880966167 4.0
3.5317969009627594 4.0
2.094613321011494 3.0
3.4006705915358335 3.0
3.5009073318473574 4.0
3.908811371748291 4.0
2.710140727769301 1.0
1.622794956240452 0.0
3.2970521225668845 4.0
2.8061908660928703 3.0
1.3886936063330144 1.0
2.6311294386835336 4.0
3.72933531887179 3.0
4.1374232641807875 4.0
2.9312217017497613 2.0
2.1406589102445595 0.0
4.225773648264009 4.0
2.0041087394427555 3.0
2.7853207153470594 4.0
3.0989277442006093 4.0
2.0782775317504614 2.0
3.5002700716242057 3.0
3.231934404219282 4.0
4.016191193554978 4.0
3.6160572952933174 4.0
4.21694201345498 4.0
3.6073977895338754 3.0
2.020516800495855 0.0
3.331458573941937 4.0
3.3131411633999184 4.0
3.369883869971729 3.0
1.990477553993542 2.0
4.058837433379391 4.0
1.9430722132507992 2.0
3.0481743069955316 3.0
3.255828184557191 2.0
2.2965474226119325 1.0
3.759359310185517 4.0
4.084551780609854 3.0
3.9039568174719106 4.0
3.974200517718451 4.0
3.9679868866638133 3.0
3.443420340891784 4.0
4.22226841008177 4.0
3.2304004741854104 4.0
3.6150006120599683 3.0
3.116746121357071 4.0
3.707181063549821 3.0
3.418527346409948 4.0
3.1442223633035615 4.0
2.445064680593978 3.0
2.9627093373167286 4.0
3.183250754343103 4.0
2.2916575430861377 3.0
1.724782721726907 1.0
-0.07954889251325326 1.0
3.0048401523583363 3.0
2.275597997255825 3.0
4.378858476679774 4.0
4.044125797966716 4.0
2.5801543112451037 2.0
4.3280760092185036 4.0
3.1526142219389293 4.0
3.970839696665066 3.0
2.4910547839763995 1.0
3.00868144026147 2.0
4.013287300098529 4.0
2.2197661092869057 2.0
1.860897552953177 1.0
3.2660001919774713 4.0
4.350061300124381 4.0
1.7332886038812787 1.0
3.1655808005597112 3.0
2.1911414854566638 4.0
1.8853598401777871 4.0
2.59434048187203 2.0
3.2405204648647317 3.0
2.9884813759714604 4.0
3.9762385301948706 3.0
2.261501059690453 0.0
3.921780092350149 4.0
3.2955753637523646 4.0
2.636283547896828 2.0
3.5779125258718967 3.0
3.4734696825049243 4.0
3.7910986115731298 4.0
4.595146758212083 4.0
3.3306062399108507 4.0
1.8379895423288377 2.0
1.8360230760379235 1.0
1.1798674979001245 1.0
2.3047146383048913 4.0
2.2411068599423167 2.0
2.938477801758175 2.0
3.5199703068794124 4.0
3.702467928555845 3.0
1.3688541541275088 1.0
2.821035413760784 3.0
2.617371281283339 3.0
2.0427413919773225 4.0
1.554755364353527 0.0
3.4153509514873894 4.0
3.9352258464123704 4.0
3.6129293275768752 4.0
4.122786870719942 3.0
3.0288657052973385 3.0
3.660028193487202 4.0
0.770007537600784 1.0
1.092933855436201 1.0
1.8426199278312687 0.0
2.253303983983867 0.0
3.755691198532329 4.0
1.8584589913500924 0.0
3.6087392938257787 4.0
3.10065017033127 2.0
1.6959993317481334 1.0
3.172228286792075 4.0
4.279999013735244 4.0
2.0540051603326788 3.0
2.810333251831733 4.0
2.112096610790422 3.0
3.092057445764249 3.0
1.935123967018313 1.0
1.9776469373725352 1.0
4.009227174868636 4.0
3.608822604051694 4.0
1.9114239991931932 1.0
2.8355989402785227 2.0
3.0971059179150764 3.0
3.4741284192798707 4.0
3.3648348433071336 4.0
1.9153541308425548 1.0
3.9333523875926524 4.0
3.413984605710322 4.0
2.0773888199497974 4.0
2.8491660122563207 2.0
3.730585751234101 4.0
2.8872759554775707 3.0
3.2449770061094974 4.0
2.065028999114008 4.0
3.150920001580113 4.0
3.2564923714798066 4.0
4.12891136206697 3.0
4.2479107213252085 4.0
3.1497453974928957 4.0
3.7674258134790097 3.0
2.9470080212391228 4.0
3.5713528306213336 4.0
2.6002035003695614 0.0
3.5361695098423365 4.0
1.1512779287527346 1.0
3.8810665372652817 4.0
2.8451526793219646 4.0
1.1822823673602456 0.0
3.342724213561108 3.0
2.8932361786052327 4.0
1.8326765692631617 0.0
1.5678937237227548 1.0
4.28566936507261 4.0
4.077375427650783 4.0
2.4486735314555235 0.0
3.4732406940414373 4.0
3.0259463898360126 3.0
3.2410973563282814 4.0
1.6562755718018436 0.0
4.023687102390417 4.0
1.4116004845677539 2.0
4.321414670129393 4.0
3.5321147819790104 2.0
3.0232701143274303 3.0
2.789109204823843 4.0
2.9794446773341745 3.0
2.9221820516988384 4.0
3.062644363775492 4.0
3.5215141312107656 4.0
2.79125686440685 3.0
3.1254976947801874 3.0
4.457240082130432 4.0
3.678015345191736 4.0
1.6671422133043312 0.0
3.800234718908312 4.0
3.6731259644866556 4.0
3.8489926038943247 4.0
1.350562649296588 0.0
0.8573399568773019 1.0
3.771421557727132 4.0
3.087275529246603 3.0
3.4104933415499197 4.0
3.304573691528449 4.0
3.3208703198950538 4.0
1.156317546191171 0.0
3.0419966152566156 3.0
3.549914601201027 4.0
3.0309955296318405 3.0
3.9038890641051607 4.0
-0.7312079201205393 0.0
4.3558947666215015 4.0
4.209629905120364 4.0
3.1241760506797895 4.0
2.0851257380235175 3.0
3.8120279623479094 3.0
2.40235794039116 2.0
3.127892234172129 3.0
3.352976560284569 3.0
3.9983272520560442 4.0
2.6918489276567934 4.0
3.3158688536868377 4.0
1.4084770783209835 3.0
4.151146220865556 4.0
3.575911755386765 4.0
3.151298698338988 4.0
3.3781111430152384 4.0
4.575069798157792 4.0
2.875012777716079 3.0
3.4849868596333344 3.0
4.229895043261844 4.0
2.8877759222448214 2.0
1.6688728691264112 0.0
2.880674750146981 4.0
2.195508570379174 1.0
1.8015932660643807 4.0
3.1347406255154215 3.0
4.183142848125781 3.0
2.7168084184248107 2.0
2.648251507396629 1.0
2.6765913868132998 3.0
3.05286474809546 1.0
2.647306823590047 3.0
2.10456648919588 3.0
3.0600582817785993 2.0
3.831098359026507 4.0
3.952827827077372 4.0
1.8096121131431175 1.0
4.372303050716411 4.0
3.048831253065427 3.0
3.4354933895483137 4.0
3.6558331231058103 4.0
3.905474405150616 4.0
2.4343721521394697 1.0
3.59565314840657 4.0
-0.7164700744240282 0.0
0.944035012297511 1.0
3.0062533103549676 4.0
3.606986277416091 4.0
3.5960841344310026 4.0
3.4911899606861336 3.0
4.046905287942343 4.0
4.282141665903582 4.0
0.945611847809734 1.0
3.8731937507541065 4.0
3.3877569501240075 4.0
3.145927279220964 4.0
3.3955911298554824 4.0
2.2553809622523184 1.0
4.107745673262788 4.0
3.9131033496598926 4.0
3.901371915437002 4.0
2.370668835979422 1.0
3.2224802814739455 3.0
3.036967707592635 3.0
3.6532663584235445 4.0
2.3619826149862497 0.0
2.8665715532590132 3.0
3.1277045960727774 4.0
4.123623914432036 4.0
3.704598465781176 4.0
1.27245373698622 2.0
0.913708240042606 1.0
2.562812397299867 3.0
1.6696320335749202 0.0
3.873584810445026 4.0
3.6489148279377037 4.0
2.6839223329947393 4.0
4.125773504276367 4.0
2.727750347817766 3.0
3.743366947689416 4.0
3.84797468748941 4.0
2.534458603480304 2.0
3.7597278447637574 4.0
4.085674858971601 4.0
3.156464307023003 3.0
3.450812760261665 4.0
2.8067755132620578 3.0
2.7046608294887875 1.0
1.7769620126901668 3.0
3.0665623678013816 3.0
3.427566201446612 3.0
1.4059256407516774 0.0
2.811169048440532 2.0
3.9371080119420743 4.0
4.496150728956337 4.0
2.0115696657977007 3.0
4.0285408613822105 4.0
2.2761875086262946 3.0
3.1857154353955366 4.0
4.092939437650642 4.0
2.800043054037717 4.0
3.6370436896344787 4.0
3.2285665902667624 3.0
3.98642581557416 4.0
3.2047125706025508 3.0
3.8796347210947326 4.0
3.5260052813597023 3.0
3.53761536265886 4.0
4.020701212681526 4.0
2.6958012778560274 3.0
3.8839486748481686 4.0
4.326935603485203 4.0
4.090925703565713 4.0
4.191167237698792 3.0
3.5785743217668937 4.0
2.7642075298795987 4.0
3.560696468705566 2.0
2.077993998445403 1.0
2.3144231430385647 3.0
3.511944950247173 4.0
4.0246456004407465 4.0
2.578450552374682 1.0
3.897139652464226 4.0
1.5398034532312668 2.0
0.8684470402159334 2.0
2.8430186140694413 4.0
3.595193061850983 4.0
3.9676485775058294 4.0
0.7752757869539786 0.0
2.344726758027912 2.0
2.568193432375253 0.0
4.114791221210096 4.0
2.3037963668397854 3.0
2.5942902698020864 4.0
3.103873268939801 4.0
3.57894842847847 4.0
3.0311487886876636 2.0
3.692035747009144 4.0
3.331353750203923 4.0
3.9846523932010722 4.0
2.8418392420573024 3.0
3.503746245317574 4.0
3.8017178624195944 4.0
2.992831456810782 3.0
2.1469203945361928 1.0
4.261096913172126 4.0
1.4468781966542479 0.0
3.4996789454871937 4.0
1.817962318337805 1.0
4.026142614129975 4.0
2.799930221160171 3.0
-0.12310769488848305 0.0
2.5422750556102525 4.0
2.4434526379966712 4.0
1.426560464754563 1.0
3.130713725235581 4.0
1.588633760414846 0.0
1.7215808817982463 4.0
2.5368114411278935 4.0
3.398881941399943 4.0
0.9855433640006761 2.0
1.048974682714285 1.0
2.975960106190956 4.0
2.2127813851054037 1.0
3.0675121592543295 4.0
2.272142592822336 4.0
1.7445446330497654 2.0
3.5207081516883374 4.0