3.6960609775568343 4.0
4.203234084958659 4.0
3.126612034340679 4.0
4.070358015317797 4.0
2.3398399132761356 1.0
2.6497493587430276 1.0
3.1965971175275807 4.0
4.358394365492529 4.0
4.113853020839343 4.0
3.9147276495625447 4.0
3.659750426752154 4.0
3.3001066426687475 4.0
4.12049227895538 4.0
3.185592960015289 3.0
2.756475290216206 3.0
3.806254918498436 3.0
1.723806212504698 0.0
2.544489944258118 1.0
3.6546517691798805 4.0
2.3868358477715916 4.0
4.22847273683645 4.0
1.8727120674080693 2.0
2.9390645401934115 3.0
2.4943487177960857 3.0
2.837557034415583 3.0
2.0721030744022966 0.0
3.0313962678482045 3.0
2.4015254004865016 3.0
2.4586027653568494 3.0
3.0586351987166593 2.0
2.610798433105582 1.0
2.7984749565711255 4.0
1.164073552511649 2.0
4.23917636745098 4.0
3.2310680908476814 3.0
3.835413784636223 4.0
2.589097968943961 3.0
1.2607449629326402 1.0
3.6978426127616104 4.0
3.5130690588943527 2.0
2.043230804640019 1.0
3.916641492089989 4.0
4.275503370295906 4.0
2.750620776876483 4.0
2.3382412172074614 1.0
3.3921923652971953 4.0
2.533861781497549 1.0
2.6477642322362445 3.0
3.5552312742252803 4.0
4.371471800038998 4.0
2.0310554457405425 0.0
3.702155356513503 4.0
3.6240219748834304 4.0
3.8736849690164843 3.0
2.713458074377898 4.0
3.437682486018369 3.0
2.372609239882133 0.0
3.433032690207375 4.0
2.4678895340452267 4.0
3.0237481916603897 4.0
1.7455733020325304 1.0
3.5626154317943155 4.0
3.941146991123372 4.0
3.2422833085649594 2.0
1.9510065580856288 0.0
3.715631175602885 4.0
4.2139810698242535 4.0
4.150878675845201 4.0
2.6355746093108388 3.0
2.5028733407060426 4.0
2.383692140117255 4.0
4.12994683728467 3.0
2.149486672717756 0.0
3.1957741083268707 4.0
3.905241361312062 4.0
2.7288376396688734 3.0
3.365385994676093 3.0
3.965397354229619 4.0
1.4653918176012906 2.0
2.9640557198146653 3.0
4.088880927745633 4.0
3.5761210169715496 4.0
1.4204511668528048 0.0
1.447487993533429 1.0
1.928928166882884 3.0
2.058871442002498 1.0
1.9063661464226183 2.0
4.006673456467558 4.0
3.613855194826409 4.0
3.2116871306983845 3.0
3.0546256485226517 4.0
2.8971102133297912 3.0
2.721720453799558 3.0
2.7531858119432893 4.0
3.2583221707779004 3.0
3.5507049130270425 4.0
3.3465740556733823 3.0
4.021289112797923 4.0
2.532691754444294 3.0
2.1264656954271044 0.0
3.8891725167120303 4.0
3.0748354930316304 3.0
3.2716045427792753 4.0
3.2898242585651043 3.0
3.057210495459033 3.0
1.983037703237899 0.0
3.973577719108795 4.0
3.8487316695081923 4.0
3.886386367177876 4.0
3.4088528126158573 4.0
3.2673956676696423 4.0
3.6278928138040505 4.0
2.787906240889431 3.0
3.4520914998971155 4.0
0.6825687501425421 1.0
2.0031635052934758 0.0
3.8383953539432416 4.0
4.12366169023251 4.0
3.860677368774875 4.0
2.2617922250531532 0.0
3.204167520126006 3.0
3.4414317482569605 4.0
4.361212114044095 4.0
2.4414193909728685 1.0
3.8110479960243313 4.0
3.467126430819778 4.0
2.9832010736482926 4.0
3.4340109975762707 4.0
2.391667050237294 3.0
1.733251176448721 2.0
1.3654271316556392 3.0
2.8592299504765024 4.0
3.7983303822752013 4.0
3.487047926084697 4.0
3.372233482420421 4.0
2.9158121777349284 3.0
3.697233144145889 4.0
2.78395554026559 2.0
2.493513070733717 2.0
4.082631059840967 4.0
1.7115389179905462 0.0
2.7316081577992724 1.0
3.3953841515560517 4.0
2.563300192390978 3.0
3.452911076821621 3.0
2.8133582778627866 4.0
4.133165549401818 4.0
3.1312766562185588 4.0
3.1384928181644995 3.0
3.497231296835221 4.0
3.070552149597639 2.0
3.0513278483492097 3.0
4.28395203873308 4.0
1.5690270070225547 0.0
3.436011496953975 4.0
2.600512121026164 4.0
3.902434260330876 4.0
3.871450605697627 4.0
3.6910180842272617 4.0
3.047815529585916 3.0
2.8848837770534774 4.0
3.3516196827116773 3.0
3.9366576348087583 4.0
2.473945513401317 1.0
3.4740265039089 4.0
3.462964913336734 4.0
4.066642110884056 4.0
2.704373504267411 2.0
3.555130616212064 4.0
3.8542819501098315 4.0
2.1456298996051677 1.0
3.1845886059321598 2.0
3.7618912113774843 4.0
3.962570635618962 3.0
3.979521547369338 4.0
2.538571053211586 4.0
2.9448909060326485 2.0
3.6417460747930623 4.0
1.3725806163862155 0.0
2.733732747573162 4.0
3.505386297731428 3.0
1.548650843482657 0.0
4.002742460650735 4.0
2.0744052686194467 1.0
3.8833621022241602 4.0
3.406833325848051 4.0
1.2183461672128497 1.0
1.9552830799046883 1.0
3.276407179155752 4.0
2.599180338499225 4.0
4.125731350974542 4.0
4.033750212629984 4.0
2.026091024473297 0.0
3.8547189035267517 4.0
3.1615618459121397 3.0
0.4927575673271738 1.0
2.0603813419718526 2.0
4.07766981190894 4.0
3.5355166530022406 4.0
3.5139650897986168 4.0
3.259466757964925 4.0
3.6993567439943944 4.0
2.8361494112815833 4.0
2.148934585427637 4.0
2.831398951976809 3.0
3.2810575255549925 4.0
3.5133471529593217 4.0
2.674522892726299 1.0
3.796905523202325 4.0
1.9928634713143718 3.0
2.7078093729646437 3.0
3.3603685480225383 4.0
2.2427121155291103 3.0
3.668512381841366 4.0
3.867039741875112 4.0
3.1552526454341776 4.0
4.175295975327813 4.0
3.0749144338528045 3.0
2.160029342756751 0.0
2.2069224223371466 1.0
3.564183141563475 3.0
1.502018683144097 0.0
4.088448872443706 4.0
3.7515053407326806 3.0
-0.6905167957669136 0.0
3.3107899633924904 4.0
4.319882005732046 4.0
3.66449035452623 4.0
2.641673357971739 2.0
3.0021511302673436 4.0
0.737713086798006 0.0
3.5000799231443795 4.0
3.4419971406518743 0.0
3.7048934964644578 4.0
2.2659812761074636 0.0
2.1210210770794586 4.0
2.813801370932985 4.0
3.5179798283612747 4.0
3.3754017844967286 4.0
3.93458118252935 4.0
3.8127720468877855 4.0
3.5156483433049 4.0
3.745804488247861 4.0
3.3827315312176895 3.0
2.1637027132899207 2.0
3.9399158790458 4.0
3.8354502645065094 4.0
2.255968567411538 3.0
2.7482247239067923 3.0
3.2063051586149185 4.0
3.2423624654747907 3.0
3.024999765753034 4.0
3.1692631218836325 4.0
1.1108541811310215 4.0
3.3747184043561 4.0
1.8323430377257357 1.0
3.4822407037442296 4.0
2.890355548019739 4.0
2.126517402015238 2.0
3.0596395955285485 4.0
-0.08485961530185193 0.0
3.3151293292581605 3.0
3.86131998452364 4.0
3.457063590574038 4.0
2.3680676255607405 0.0
4.170449823191973 4.0
2.8322742615139167 4.0
2.8853056368824235 4.0
3.2394380242689267 3.0
3.547635067109493 4.0
4.439656184914284 4.0
2.6842739490820757 3.0
2.850346327631883 4.0
3.9591708364992564 4.0
3.719674080912109 4.0
3.976660094261407 4.0
2.0381052456245463 1.0
2.5979606827010264 4.0
4.221886559921359 4.0
1.3784831775287447 0.0
3.6624362847147247 4.0
2.6835424268065506 4.0
1.596441528602143 0.0
3.468925453823609 4.0
3.022972311719682 3.0
2.230462695384255 3.0
3.7397454637797556 4.0
3.7343551717967425 4.0
4.273228862928693 4.0
3.7366602787361383 4.0
2.3814341763460782 4.0
3.7754091770591995 4.0
3.8613471349115307 4.0
4.061348926021623 4.0
4.097360973242894 4.0
3.344639400043549 4.0
3.2156392499920803 3.0
4.353026774280284 4.0
2.2590989251606364 4.0
4.000992805977756 4.0
3.9237606965236993 4.0
3.855587610010988 4.0
3.08986812986095 3.0
2.732686599905762 1.0
3.8165205831479647 4.0
3.254567307849944 4.0
2.7136017554489 4.0
3.9410833309453728 4.0
3.912739611030672 3.0
2.63788114339414 0.0
1.4365895782369775 1.0
3.984965788606074 4.0
3.4844423601910814 4.0
3.4425784040702934 4.0
4.27791445914418 4.0
3.4816239009015217 3.0
3.535988538694815 4.0
3.5916167349962858 4.0
1.8040053319384448 0.0
4.042840829235828 4.0
4.003674442569356 4.0
4.177171249713215 4.0
2.2908903813156187 1.0
3.999975196892971 4.0
4.100417904206749 4.0
2.053068451256946 3.0
4.092620132790852 4.0
3.3169114447062955 4.0
3.1916606307586624 3.0
1.712220314310247 1.0
2.2648642520617437 1.0
2.454468498088874 2.0
3.6313258723912987 4.0
3.8360255755822146 3.0
3.897643953377757 4.0
0.5918925846494223 0.0
4.305647681756433 4.0
3.4474738098654076 4.0
1.3032880502873643 0.0
1.8657322577339448 3.0
4.191200809536859 4.0
3.6532327402481006 3.0
3.7857059919065708 4.0
2.109812362653624 2.0
4.180914622305883 4.0
2.402314095767412 1.0
2.590989193537727 3.0
2.3816976138584756 3.0
3.0230214380030724 3.0
1.5435946861846475 1.0
4.4789768211678265 4.0
2.7625858607844074 4.0
3.5963985698448657 4.0
3.1607114241783756 4.0
3.1852221647518246 4.0
1.2722330954429686 0.0
4.325248853243934 4.0
2.578187290205881 1.0
3.358739788080387 4.0
3.5399769983326563 4.0
3.2645501616584967 4.0
3.5972283845314244 3.0
1.6368059780127648 2.0
4.016318628383004 4.0
4.419717755637979 4.0
3.4099617285883883 4.0
3.5992635060606806 4.0
4.230439739504462 4.0
3.280112562638006 4.0
2.7002169280033352 3.0
3.1254627121904517 4.0
2.4509074501359316 2.0
3.4077453904600943 3.0
3.44844640817121 4.0
4.220073436618222 3.0
3.1852833518551438 4.0
3.8948021643712747 4.0
3.7639462237618635 3.0
2.28363793337047 2.0
3.2268838488406586 4.0
3.681215984216523 4.0
4.410999757214979 4.0
2.2276309240666152 2.0
2.6536400697693936 4.0
3.4899801737160288 4.0
2.7291428953734322 3.0
1.3420624429991976 1.0
3.318322575664913 4.0
3.3696173855020297 4.0
3.6848763082653035 4.0
3.3290649114165958 3.0
2.3253057956232124 3.0
3.4810517969270873 4.0
3.1040540243486876 4.0
2.4489142941742963 4.0
3.4124914478892676 4.0
3.208523896661355 4.0
2.525681079872507 3.0
3.7653005101957127 4.0
3.789609183783798 4.0
2.8817141749869193 3.0
3.3317564210554447 4.0
3.062018427555682 4.0
3.5865375888162023 3.0
0.8538232191763369 1.0
1.3303147880895438 3.0
3.041443355369297 2.0
3.151671512483303 2.0
4.423977916138812 4.0
1.075662420782264 1.0
3.4677178770924324 4.0
3.403978518602426 4.0
3.0554037734808595 3.0
3.962704956327739 4.0
2.0755519772298725 4.0
3.652899915078892 4.0
2.532490976194707 1.0
3.69461269513215 4.0
2.606361158082437 0.0
3.895765184611783 4.0
3.631271737457929 3.0
3.437356680530034 4.0
2.8339975349772843 4.0
2.7023847086272723 2.0
3.916284733883155 3.0
1.4634554974634137 1.0
1.7756587614022217 0.0
3.1596556789585297 4.0
3.407986578960252 3.0
0.24906331693375794 0.0
3.424821097184249 4.0
3.3277124867550474 4.0
2.969560299286035 4.0
4.2147652559106845 4.0
2.796764979169143 4.0
0.4654752163878868 0.0
3.846894923628931 4.0
3.895690803362282 4.0
3.3498648423861543 3.0
2.2079915093379117 1.0
3.805639680042406 4.0
4.011834089218272 4.0
4.113042385551564 4.0
4.3918938355731925 4.0
3.4311344337294236 4.0
2.9514925246093315 3.0
1.7221765690353061 3.0
1.9508937754806701 3.0
2.2451684562047753 1.0
3.2472355220669225 3.0
4.310716502055003 4.0
2.960771112646229 4.0
4.040192711517104 4.0
3.86377590901281 4.0
3.3211121668911434 3.0
4.0562138622051975 4.0
2.705370312955813 1.0
3.9569922412225353 4.0
3.805055210917638 4.0
3.6376098075160903 4.0
3.2553624871596525 4.0
3.4769853554525985 4.0
3.450595487536345 4.0
1.8040090457726468 3.0
3.4246976284993456 3.0
3.2552871959064693 4.0
2.3901420072262094 3.0
3.579943879291292 4.0
1.842742207847122 4.0
3.9714847932773663 4.0
3.474778504483782 4.0
3.5261333219586573 4.0
3.4259254494775795 4.0
4.477104612597426 4.0
2.4198812032086434 3.0
4.0736575982399845 4.0
3.284635541301864 4.0
3.2609664579555315 4.0
1.7759331665527736 0.0
2.8585960358408475 4.0
3.189807480970457 4.0
2.736282615739802 3.0
2.3799791427617696 2.0
4.214132624250084 4.0
3.9269000723854144 4.0
4.349580267170463 4.0
3.299964711894255 3.0
3.3493296506551613 4.0
3.0904218887192054 4.0
3.3725916444585917 3.0
4.3161605111938215 4.0
1.4268744309596677 0.0
3.8174311778300667 2.0
2.728739930926358 0.0
3.824472654151896 4.0
3.830249066641622 4.0
1.64033300626966 2.0
2.2327866839193438 4.0
3.159395480984044 3.0
2.8096918002868807 1.0
3.773160140658852 4.0
2.476507776011624 4.0
3.5685913621425294 4.0
3.696997637002585 4.0
4.1907535361402015 4.0
3.7304817507773254 4.0
3.56624969462422 4.0
3.6613000557873705 3.0
2.845018062776719 1.0
2.8392572426089564 2.0
2.926910389173542 4.0
2.173373343881654 2.0
3.686986775179594 2.0
3.1525060567566716 4.0
2.8194573785321393 2.0
1.4131707325405753 2.0
3.972687446316597 4.0
3.8942341706950363 4.0
3.4019348216714556 4.0
2.9066771410965955 3.0
3.7123580677166097 3.0
2.506151958986432 3.0
3.507506261987665 3.0
2.427087922181546 2.0
2.265961451791831 3.0
4.283523888144051 4.0
2.525815824261134 0.0
4.04886072336158 4.0
2.895952717454828 4.0
2.37336225353882 3.0
3.095089231619187 4.0
4.235023711116597 4.0
2.4491391636456714 4.0
2.1591132506582125 1.0
3.505012668970132 4.0
3.4308525063424935 4.0
1.208731703594697 4.0
3.9453635524747166 4.0
2.2395341727361964 1.0
3.521022623018658 3.0
3.2966672855075 4.0
3.9383137774037924 4.0
4.145892205626206 4.0
3.2466849856468403 3.0
4.1195983581062485 4.0
3.7749645699142964 3.0
4.224092298020491 4.0
3.8479486080323597 4.0
3.008251562806137 3.0
0.9635007867890404 1.0
4.349831612639134 4.0
4.273876176760172 4.0
2.3319426637828635 3.0
3.861850121815658 3.0
4.305904497936446 4.0
2.6613654042490738 2.0
3.3078768524944864 4.0
2.4906628207165205 4.0
4.021403148522333 4.0
3.2607496732305887 4.0
1.993410706585422 2.0
4.18262953953691 4.0
3.933544872203249 4.0
4.028595469299459 4.0
3.3361305397616907 4.0
1.5888850411028663 2.0
2.422301078159942 3.0
2.2927261129563834 1.0
2.4280330626503956 3.0
3.519255367115934 4.0
1.7813316073171173 3.0
1.7855062848766883 3.0
3.4723343329190075 4.0
1.6109390993738315 0.0
2.4876922031688404 3.0
3.2427620147785876 3.0
1.5654275221558462 1.0
3.386360392941667 4.0
3.7933969058398476 4.0
3.236904270562627 4.0
4.115424187589872 4.0
2.4966200758462382 3.0
4.304085982463196 4.0
2.2633856087982687 3.0
2.670709539114925 4.0
2.222151226971199 2.0
3.807343903606099 4.0
4.267364603664518 4.0
0.3677468486458739 0.0
2.7109046265633325 3.0
3.935811060690724 4.0
2.79909808602183 3.0
1.7690518197528196 1.0
3.7138188590078838 4.0
1.9657185964931605 1.0
3.490744029004784 3.0
2.516255611688974 1.0
3.522340800254035 4.0
2.0381131108340718 1.0
4.506765353146411 4.0
2.527869638807156 2.0
1.9257466868198856 2.0
2.923009494741334 3.0
3.755710381942731 4.0
3.3263836414959065 3.0
2.471105664244758 3.0
2.346800838575652 3.0
2.861977065524416 3.0
2.933429995587107 4.0
2.8198051206178536 4.0
1.2849349956225482 2.0
3.2763015296655715 4.0
2.0211872873387082 3.0
4.288220372342781 4.0
3.745419475092436 4.0
2.582934518610562 3.0
3.667202825154218 3.0
2.128745622808227 3.0
1.7765190478139874 0.0
3.171126468145728 4.0
3.982504878673534 4.0
2.6463271945835927 3.0
3.591920247311879 4.0
1.9243855562132328 2.0
0.035101460228488035 0.0
3.624302524349503 4.0
3.10090592392408 3.0
4.450284335830151 4.0
3.0581081154353726 4.0
3.6599680159984556 3.0
2.9261683009148878 3.0
2.8061373484396106 1.0
2.0594481929262525 3.0
3.6488133090317842 4.0
3.3622073494488167 4.0
1.9115584656213995 1.0
2.2586402207620755 3.0
3.817132101127909 4.0
3.286049398255256 3.0
1.8851632794321058 2.0
2.201466340397468 0.0
3.2046268284466346 4.0
3.8695210223386325 4.0
3.3199059857851734 4.0
3.416658843845903 4.0
3.4774856580514277 4.0
3.930915183678041 3.0
2.7268409494396546 2.0
4.167135241208468 4.0
3.295352098353493 4.0
2.6460617138244706 3.0
1.0954696868258833 2.0
3.785908319625499 4.0
1.1532938347496828 0.0
4.079897726121068 3.0
4.2057496717180705 4.0
4.439458499895478 4.0
2.190330405475694 1.0
3.7808357044106207 4.0
3.3906563992950587 4.0
3.8530334494109844 4.0
2.7051529255484685 4.0
2.320356364413248 3.0
3.245247051488215 3.0
1.1356687881172816 2.0
4.354960770508821 4.0
2.7041252302139047 2.0
4.050973774916095 4.0
4.154743872035075 4.0
3.892048386611395 4.0
2.3533177426267335 4.0
2.3210049973955456 3.0
4.268791083096987 4.0
2.9649048763596446 1.0
2.3557530684115737 0.0
2.144937472131382 2.0
4.157209789570496 4.0
3.9713563067400757 3.0
2.7059385212639744 4.0
2.165479571509571 1.0
1.3025901479126718 2.0
2.177092749349488 0.0
4.061655489124327 4.0
4.105012687870321 4.0
3.13895292137077 2.0
4.087260035113021 4.0
3.865087894961897 4.0
3.7754682476732655 4.0
3.145526172784779 4.0
3.904381431840094 4.0
3.0092663131575645 3.0
3.276744362811131 4.0
3.037833238229785 4.0
3.37972174245806 4.0
1.5890116279916855 4.0
3.103138756847646 3.0
4.282244827283275 4.0
2.180895123843118 3.0
2.8307717070560687 3.0
3.289525011362659 4.0
1.9185208498699833 0.0
2.483321846330346 3.0
2.08622294639402 2.0
3.3017074800699695 3.0
4.461135737812539 4.0
3.015658881593685 4.0
2.077547424999588 1.0
4.509399384680329 4.0
3.6909308952447755 3.0
2.702220029216519 4.0
1.9956478767655264 0.0
4.311336571890605 4.0
3.949346197877395 4.0
3.4093515519547872 4.0
2.7937045132042564 1.0
3.5366032472223963 4.0
3.1451882700552827 4.0
4.238649016260947 4.0
3.4814785718307406 3.0
3.030904905635467 3.0
3.2090788822472986 3.0
3.3155315522502566 4.0
4.092554606517643 4.0
2.694562978201976 2.0
1.160666209893959 0.0
3.7675765926519467 4.0
3.4522522298494445 4.0
4.297511618421577 4.0
3.300368866836323 3.0
4.284181540734748 4.0
3.631893898005622 3.0
4.000891749794455 4.0
3.422833132707487 2.0
2.083701367248917 1.0
4.089125956733966 4.0
2.2890355256295654 2.0
2.20717134736183 0.0
1.8378176026392228 3.0
3.6142453371433194 4.0
3.0107869453931797 3.0
3.3750652058031556 4.0
2.505299257377486 2.0
1.503222222694104 0.0
3.836656972443951 4.0
2.433152178380673 1.0
4.329688671230665 4.0
2.9220785985783135 3.0
0.6848332561206791 2.0
3.541468841322493 4.0
3.88615287199563 3.0
4.009269511128604 4.0
4.489216763868329 4.0
3.21971220983523 3.0
2.3146337208284984 4.0
3.2096364419267807 4.0
2.982371771695266 3.0
3.7709907703204606 4.0
1.6162546451044189 1.0
2.248955286017282 2.0
2.9527970372832484 2.0
3.5474046855148837 3.0
2.835627694246639 4.0
3.7331235870915314 4.0
3.725122071360078 4.0
3.4609988286997786 4.0
2.7018311733593356 0.0
2.4791997560252264 0.0
3.9220164241600606 4.0
2.2442056106764503 0.0
3.574440347525386 4.0
3.0573691669793353 3.0
4.26245373062674 4.0
4.0472004434724 4.0
3.756956223312168 3.0
4.383567664586822 4.0
3.9451397677776794 4.0
3.5166867282111824 3.0
3.153745023944317 4.0
3.488712502293873 4.0
3.1793551921223124 3.0
2.374878999800892 1.0
2.8415376589970642 4.0
3.6496726831401447 3.0
0.39436962811412135 3.0
3.8981651489255813 4.0
3.0971978194261722 4.0
2.6994019324731737 2.0
3.226023727046114 4.0
3.7425837505782957 4.0
2.5412092419074113 1.0
1.674306424578616 1.0
4.197731601376317 4.0
2.5792189738696885 3.0
3.071660838380375 4.0
3.874230231827674 4.0
1.7416961090346375 1.0
2.29658604812759 4.0
2.5107258432172963 4.0
2.5475950942402794 2.0
2.742209989750236 4.0
2.7562349438100235 3.0
2.578927775468586 2.0
3.082633200034038 3.0
1.5074996533777494 3.0
3.0355916306875828 3.0
2.1121268801081015 0.0
1.8619076574755389 2.0
3.258615899063614 4.0
2.5649924778801005 4.0
2.9095671454887317 3.0
4.276083318137603 4.0
1.9532449291701046 3.0
3.818552894371902 4.0
2.2610953900879225 1.0
4.089446713358566 4.0
2.091196036980295 0.0
2.9550181869865706 3.0
2.41490525343588 1.0
3.4529263006831576 3.0
3.1375193454216572 3.0
2.152368476388388 3.0
3.1529109214918427 4.0
1.929181794987009 0.0
1.7839618733961964 1.0
3.1000388210910397 4.0
0.3827153474024261 0.0
2.108455176292951 3.0
2.9988423815435943 4.0
2.2539383072592156 2.0
1.975100994916028 3.0
4.169196021980969 4.0
4.22454075564746 4.0
2.3891704037785666 0.0
1.4996101748607868 1.0
3.6871538343224803 4.0
3.376488335897816 4.0
2.96477625888321 3.0
3.7954004044429905 4.0
4.0334111675034094 4.0
3.6626904258968698 4.0
3.3434551996650455 3.0
3.0501407759653483 4.0
2.104539868553274 0.0
4.291997354409062 4.0
3.914289083962761 4.0
2.4034390985384655 3.0
1.7105668773268805 1.0
3.428336144729912 4.0
1.7154306705172369 1.0
3.9452949400037736 4.0
4.305603394693641 4.0
1.6512271955763622 1.0
2.781727864365258 2.0
3.5144271454047087 4.0
2.2188371539516543 4.0
3.5361149496598387 4.0
2.083955565692826 3.0
3.384774078621034 3.0
3.5313834691178223 4.0
3.9009371238508375 4.0
2.695827338415502 1.0
1.6882679658432735 0.0
3.2838124322243574 4.0
2.884495778966937 3.0
1.4738387190848754 1.0
2.689313815392936 4.0
3.770943676697826 3.0
4.108210975426401 4.0
2.969097421145942 2.0
2.129317618539885 0.0
4.207319691240199 4.0
2.066429481793842 3.0
2.8787100703139106 4.0
3.094806027613663 4.0
2.14312267438285 2.0
3.4888190567281305 3.0
3.236595665696496 4.0
3.9867134985575166 4.0
3.562711908350511 4.0
4.1884328107577495 4.0
3.6084192132460013 3.0
2.0827311942163838 0.0
3.3910712262669374 4.0
3.3247850346458914 4.0
3.3851820233650654 3.0
2.031173776735744 2.0
4.034138613729514 4.0
1.9908224190053625 2.0
3.075952020313021 3.0
3.2958797700726836 2.0
2.317999943775901 1.0
3.726763608667517 4.0
4.061379016613165 3.0
3.902393621145674 4.0
3.958250083277625 4.0
3.940106357177417 3.0
3.4599987289183134 4.0
4.204296748088334 4.0
3.2620061129743614 4.0
3.6109626718256282 3.0
3.136559171101957 4.0
3.735994213146436 3.0
3.4290038934646323 4.0
3.1383528497801234 4.0
2.458753313232443 3.0
2.994157543603396 4.0
3.164415308418454 4.0
2.3190927751306503 3.0
1.8370369604640433 1.0
-0.07097363794443723 1.0
3.0380269364973453 3.0
2.2744071693694567 3.0
4.32947970801183 4.0
4.023225902002036 4.0
2.613453743948561 2.0
4.283565743018491 4.0
3.2050961051006843 4.0
3.985375440216171 3.0
2.5723002622184956 1.0
2.9922438455592295 2.0
3.9858388872777417 4.0
2.235855388643732 2.0
1.8493924637149304 1.0
3.29911696769666 4.0
4.294956736637637 4.0
1.7967598399242868 1.0
3.197533174161554 3.0
2.207574709603555 4.0
1.8842474348073224 4.0
2.6633189464134417 2.0
3.2723186434769302 3.0
3.0240055357584743 4.0
3.981376355725169 3.0
2.3038900342992057 0.0
3.885541036416273 4.0
3.3470048607880325 4.0
2.6698679879988894 2.0
3.5970408074831286 3.0
3.4883452657976313 4.0
3.8199836848294617 4.0
4.59931529511319 4.0
3.3352689034367544 4.0
1.8767506549468762 2.0
1.8350904675712174 1.0
1.209364547346203 1.0
2.3177564493074985 4.0
2.310157373866146 2.0
3.0986201983297765 2.0
3.5639608839532584 4.0
3.722053599411883 3.0
1.3820119623737352 1.0
2.825118828302259 3.0
2.627631179582259 3.0
1.9906375459341947 4.0
1.5801188272670994 0.0
3.488504614439464 4.0
3.9467885405407155 4.0
3.644187079814491 4.0
4.106222489448628 3.0
3.0260263456706054 3.0
3.687136111519226 4.0
0.8151448234244274 1.0
1.138656917568868 1.0
1.873805481575474 0.0
2.2398864152777986 0.0
3.8059129699719922 4.0
1.8851214500458644 0.0
3.6196753271946247 4.0
3.1459405935973206 2.0
1.7539344632379783 1.0
3.183056416484988 4.0
4.282876109445823 4.0
2.113747256354364 3.0
2.822173070057046 4.0
2.1414458459963743 3.0
3.167833396065824 3.0
2.0803374887272597 1.0
1.981688818656782 1.0
3.997234494244045 4.0
3.6523269257640423 4.0
1.9493825476985323 1.0
2.8800026942191184 2.0
3.101760511457743 3.0
3.4987944820813044 4.0
3.3773679444437454 4.0
1.8985718989001428 1.0
3.9380012474619 4.0
3.4671672820212067 4.0
2.084396205081792 4.0
2.8940407729571693 2.0
3.6640163830298076 4.0
2.9120177291865175 3.0
3.3024651157258185 4.0
2.053778023594152 4.0
3.2145621379151135 4.0
3.2809899002889025 4.0
4.1089703535960425 3.0
4.24441830698718 4.0
3.201448126624111 4.0
3.726247978727064 3.0
2.939298425278156 4.0
3.5779936009674436 4.0
2.604935230893783 0.0
3.5831221718051567 4.0
1.157011238946322 1.0
3.867877840582421 4.0
2.8545440636029755 4.0
1.2308212670847989 0.0
3.3349971158412477 3.0
2.907972139706412 4.0
1.860355263016816 0.0
1.6378113846080495 1.0
4.2715949901478965 4.0
4.0701026860385365 4.0
2.4431331452788236 0.0
3.4877487706700943 4.0
3.094297023075255 3.0
3.255971959298051 4.0
1.6339169204839967 0.0
4.003985072397214 4.0
1.472429374454118 2.0
4.322018434516176 4.0
3.5309638788938496 2.0
3.0291323015233362 3.0
2.835025034361823 4.0
3.0074144001996745 3.0
2.9665665938820873 4.0
3.103413751082981 4.0
3.5448568275499572 4.0
2.822345305018875 3.0
3.134727993483429 3.0
4.406487505731267 4.0
3.6964835782430154 4.0
1.7678375787215406 0.0
3.8042107301475627 4.0
3.654042089802847 4.0
3.861957195612034 4.0
1.3423621331316493 0.0
0.932297213725938 1.0
3.760934445788823 4.0
3.1131612367256376 3.0
3.486116901232823 4.0
3.2746551374524393 4.0
3.3674926359169013 4.0
1.2119259117035535 0.0
3.0865905913404696 3.0
3.5463176497515723 4.0
3.0337008224018445 3.0
3.901303974329523 4.0
-0.717627839063335 0.0
4.327903589368249 4.0
4.177946931564511 4.0
3.128924608511418 4.0
2.108613663022274 3.0
3.8029987738684583 3.0
2.4951937508030118 2.0
3.168264735286287 3.0
3.3719353103866747 3.0
3.9984777243711007 4.0
2.7119023762154053 4.0
3.3312098390751657 4.0
1.3979301956734553 3.0
4.1135685183648985 4.0
3.6173327684663508 4.0
3.197075988313769 4.0
3.441376921917112 4.0
4.5235799175261135 4.0
2.910041251535557 3.0
3.5273174278370187 3.0
4.1819280132907135 4.0
2.9558245360670274 2.0
1.723785229490841 0.0
2.8729965762234877 4.0
2.2520932374518305 1.0
1.8643551673636147 4.0
3.175745521650265 3.0
4.1421113868585735 3.0
2.753219601345584 2.0
2.7525989303188445 1.0
2.6450698964310058 3.0
3.0664920766112833 1.0
2.7066011646538084 3.0
2.1928525881143375 3.0
3.1225560974102193 2.0
3.8445178308598833 4.0
3.929428382966934 4.0
1.846327551521889 1.0
4.363890413789102 4.0
3.0067440852790273 3.0
3.412928525224394 4.0
3.6811492985386933 4.0
3.9151686217920365 4.0
2.496816627874541 1.0
3.614172992287776 4.0
-0.5001756459284605 0.0
0.9698486729914779 1.0
3.0401159997604092 4.0
3.615698610564555 4.0
3.6220907427470057 4.0
3.490218644792496 3.0
4.011576910909296 4.0
4.217040693478836 4.0
0.9809762061898324 1.0
3.865405686405792 4.0
3.4863538573888575 4.0
3.2545289224598126 4.0
3.38441319309262 4.0
2.2954607713595245 1.0
4.113812508671035 4.0
3.8764116254221466 4.0
3.891083442049331 4.0
2.4033137034920995 1.0
3.2740497168779243 3.0
3.0396271924655793 3.0
3.657384304432639 4.0
2.343005260337565 0.0
2.8641156378656425 3.0
3.111362230192117 4.0
4.101931448334115 4.0
3.7089712867335654 4.0
1.2804111824990247 2.0
1.0023547972299234 1.0
2.5622882826238897 3.0
1.7037938293555674 0.0
3.868107648598746 4.0
3.6930673495941098 4.0
2.745084232155834 4.0
4.121361163272761 4.0
2.7717819841875184 3.0
3.7671773126149186 4.0
3.8615020339901185 4.0
2.594393157555324 2.0
3.7548230842404497 4.0
4.026214484277473 4.0
3.1883181432370935 3.0
3.4979205565121183 4.0
2.8467772815192816 3.0
2.8045372682120084 1.0
1.8007198540227503 3.0
3.0899942584778075 3.0
3.4911227825627313 3.0
1.4434719818465083 0.0
2.843299450840727 2.0
3.930572156083896 4.0
4.438950728256181 4.0
2.0471845621385145 3.0
3.989266747892794 4.0
2.3906306600099287 3.0
3.204193025756567 4.0
4.088119451933146 4.0
2.856339474530428 4.0
3.6678390089593838 4.0
3.242018884485232 3.0
3.9869573106565253 4.0
3.223517806352563 3.0
3.915448840077001 4.0
3.570664974370334 3.0
3.6000844541444885 4.0
3.9998497938988886 4.0
2.7036062226519095 3.0
3.8986078904221695 4.0
4.280502661582545 4.0
4.074066784324192 4.0
4.169411552435081 3.0
3.6261178844890822 4.0
2.7549933857023112 4.0
3.5658685986626746 2.0
2.083923305339894 1.0
2.344600114450517 3.0
3.5353951871131257 4.0
3.992278867432153 4.0
2.572247157071916 1.0
3.861339445532536 4.0
1.6439745682339475 2.0
0.9094916526816279 2.0
2.854595853487712 4.0
3.566202817217462 4.0
3.8952866437430296 4.0
0.8601333586154056 0.0
2.3570918602294726 2.0
2.606126385510191 0.0
4.135157127041685 4.0
2.31619781029799 3.0
2.629375458454342 4.0
3.119646273913111 4.0
3.560199859887986 4.0
3.059919404658593 2.0
3.7232265108900413 4.0
3.3388644991349277 4.0
3.946207059472863 4.0
2.8788745457156097 3.0
3.503074865687546 4.0
3.7884207571780286 4.0
3.0211081926673935 3.0
2.1640452481309453 1.0
4.230685689310372 4.0
1.5741972597437477 0.0
3.4962559773635697 4.0
1.8252550251673307 1.0
4.008258906052722 4.0
2.806077990445004 3.0
0.08312960119222002 0.0
2.5835742006799287 4.0
2.458357154304634 4.0
1.475951464445437 1.0
3.2081179206083434 4.0
1.5968436870121079 0.0
1.7713073089536593 4.0
2.60317532376707 4.0
3.452556795034013 4.0
1.0795390382061911 2.0
1.023078165600698 1.0
2.967402475226257 4.0
2.3035198431389126 1.0
3.1464736688559314 4.0
2.278744489982737 4.0
1.7914136544078856 2.0
3.529825734652562 4.0