4.4799278967518985 6.0
3.5222893701110936 6.0
3.6229754810049015 6.0
6.228502565428941 5.0
4.684665907029975 5.0
3.3887416699181423 5.0
4.895325680804242 5.0
5.743233374956304 5.0
4.859670963346845 5.0
3.3152651777381306 4.0
3.837127321381906 4.0
3.0517921682439675 4.0
5.392072965462694 6.0
5.235324007831377 6.0
5.7306290828530715 6.0
4.344081198155025 5.0
3.943422562775509 5.0
4.349313295420185 5.0
3.0599017771690793 3.0
3.829654213014311 3.0
2.5573199561640667 3.0
6.324937371090452 7.0
5.944906305155421 7.0
5.9464511260126445 7.0
4.231152226437373 5.0
6.417886586402288 5.0
3.724951177151716 5.0
4.776219382090164 5.0
4.6198286488000315 5.0
5.272472543352154 5.0
3.09174898380281 3.0
4.655460028167276 3.0
1.5815061987693881 3.0
5.349632355054799 4.0
5.81411418748806 4.0
5.89202850542874 4.0
5.522895321582812 5.0
5.027477644074744 5.0
6.184243398811994 5.0
5.5100846091827735 4.0
5.875180221715855 4.0
6.12358442070725 4.0
5.52643710734574 5.0
2.8323484845157485 5.0
4.500385754790771 5.0
0.2615425660033675 0.0
2.7932117299187325 0.0
1.7025182336771263 0.0
4.826676085588916 6.0
5.353852698506964 6.0
4.583118086880617 6.0
5.529724729223317 5.0
5.65112347157347 5.0
6.509726278936099 5.0
2.602077587621406 3.0
4.208972926003804 3.0
2.9505851645332433 3.0
4.985371182522461 4.0
3.799504814008862 4.0
4.1265577432288145 4.0
3.620358540298961 4.0
4.752658480334075 4.0
3.969477060020854 4.0
3.278880001272281 3.0
5.721667439560616 3.0
2.927105505127132 3.0
4.754516256302146 5.0
4.995486167429252 5.0
5.076448072007793 5.0
3.736219431456405 3.0
2.7221860336654866 3.0
2.982033518451386 3.0
3.5660528325916747 4.0
3.18537148603794 4.0
3.731474952268575 4.0
4.431042335666957 3.0
4.730684469732428 3.0
5.327458253073238 3.0
6.147709893729515 4.0
5.017790339874427 4.0
3.8115325318883397 4.0
4.305622962311418 5.0
3.7558988801056508 5.0
5.7672890509157515 5.0
5.082745988900099 4.0
3.504089518325391 4.0
5.512814858906472 4.0
5.822451219850039 5.0
6.044369043159333 5.0
4.753242470039728 5.0
5.671713043905432 5.0
4.632441271045166 5.0
2.6830381862193744 5.0
5.537454754011703 5.0
5.712117054323751 5.0
5.862455995629847 5.0
5.215839785751583 5.0
4.820890414167656 5.0
4.11402126325135 5.0
5.188471344280779 6.0
5.782537719024731 6.0
5.62323518822021 6.0
4.650665617554275 3.0
4.464817229738242 3.0
4.8587051872753255 3.0
4.951646608596357 5.0
5.0558562783029695 5.0
3.5560125704318666 5.0
5.203969489291367 5.0
4.3446716633882465 5.0
5.485696773213496 5.0
5.485949867001948 5.0
4.331787740723727 5.0
4.816977296042647 5.0
2.5068955822056433 3.0
4.111921560721537 3.0
1.8382994860880415 3.0
4.790033730724973 5.0
4.527396645159502 5.0
4.857667080009568 5.0
5.022660801384192 6.0
5.299509173220717 6.0
5.292489441691967 6.0
3.2713259241413435 3.0
6.107229872502172 3.0
5.257202464813205 3.0
5.914188178351678 7.0
4.442682984878956 7.0
6.118423644156401 7.0
3.4829632422678567 4.0
4.534596263579985 4.0
3.3598550543487233 4.0
6.395901299193573 6.0
5.208879949005138 6.0
6.401636945854242 6.0
3.110573992982939 2.0
3.385208354081209 2.0
1.4965280717594538 2.0
4.596158251492957 3.0
4.594699979540164 3.0
4.047668975451382 3.0
4.386457015756022 6.0
4.366651733594204 6.0
5.985128552437583 6.0
5.71749651509166 5.0
4.400220036239363 5.0
5.034985137662553 5.0
3.195380684098666 3.0
2.1370726883523044 3.0
3.295994330795864 3.0
1.9068293616992094 3.0
2.6249152416021198 3.0
3.3112210344759605 3.0
4.768944137236647 4.0
5.229602440754802 4.0
5.642087971102543 4.0
4.888279555867125 5.0
4.8719577776965695 5.0
4.2788751236238545 5.0
6.581433179375876 5.0
6.3026360786042295 5.0
5.576709086623154 5.0
5.046452443636047 3.0
4.382667815456882 3.0
5.336346065544023 3.0
4.921656177997215 5.0
5.42473529901093 5.0
6.032567849561755 5.0
4.057188485292134 4.0
4.086906263779621 4.0
3.5559387697850418 4.0
4.2638471005122724 3.0
3.362699590562743 3.0
3.1663141588415176 3.0
1.3244946802313362 2.0
3.601018910498048 2.0
2.061402221624851 2.0
5.23528325403682 6.0
6.1951182613477975 6.0
6.106625794378435 6.0
3.3140408694325005 1.0
1.9121239511473562 1.0
2.2295257481869317 1.0
3.7202967619925875 3.0
2.4656488651443595 3.0
1.6745088363043903 3.0
4.438546821911458 4.0
3.7679384242661635 4.0
3.7704035199875574 4.0
2.6078979358013505 4.0
3.7784372712614642 4.0
2.878490394293222 4.0
5.256345656774803 6.0
6.034543233509728 6.0
6.169077928812324 6.0
4.722830519133816 5.0
4.462365284518965 5.0
3.079738692384881 5.0
3.8952077963648857 4.0
2.3714028316839855 4.0
4.589371478660204 4.0
1.487466130447368 0.0
1.5994636852033508 0.0
1.6367668522544134 0.0
0.6121641410100028 0.0
2.7823299490855264 0.0
2.923659278808251 0.0
1.0726915786216271 0.0
1.7991111728434066 0.0
2.4800844364002588 0.0
0.9610227794405881 1.0
1.370787665828167 1.0
1.4588088574470475 1.0
0.35422001572035827 0.0
1.3631110062672174 0.0
1.2086282631541998 0.0
3.1860233547133876 4.0
4.109983483507225 4.0
3.695263381375505 4.0
2.13869475524089 2.0
4.176409186534276 2.0
1.7493847643434999 2.0
5.3214009177467965 6.0
5.289215072780798 6.0
5.3195308746858485 6.0
5.417671808202124 7.0
5.550339663425491 7.0
6.3182622937485515 7.0
2.793264264215409 4.0
4.573034715110664 4.0
2.1524794343776072 4.0
0.45593315032622234 1.0
1.9448664943027347 1.0
2.544180116883866 1.0
1.2566229011928347 4.0
1.0564527952999025 4.0
3.6004527071203225 4.0
3.2337585734634353 4.0
4.725796640445773 4.0
5.963646829878518 4.0
3.0601538513642366 5.0
2.270883741948718 5.0
4.034130275203524 5.0
3.3276725225319383 3.0
3.5756543477626423 3.0
4.178716114498162 3.0
4.311431362889581 6.0
5.569186692927776 6.0
5.434408226109809 6.0
5.106100779882493 5.0
3.874100716988924 5.0
5.147210897322299 5.0
5.7947005057985645 6.0
5.878342199941746 6.0
4.902367672896708 6.0
3.1447919927262453 3.0
4.739775222760558 3.0
3.6698764069598826 3.0
4.653776132068912 5.0
4.048474815068438 5.0
5.334738505347186 5.0
2.1888829620683192 2.0
1.6844705641259896 2.0
3.839878531266034 2.0
3.5204226495225917 4.0
4.973833346808854 4.0
2.8250143727210957 4.0
5.099660371245938 4.0
3.580344000789434 4.0
2.0475626763143127 4.0
4.3894322409550846 2.0
2.8850598432096852 2.0
4.714512515604975 2.0
3.727444349741539 2.0
0.70784628953371 2.0
4.177030642870326 2.0
1.8019816338988508 0.0
2.212830965991068 0.0
2.0908781274371626 0.0
2.4904568635358735 4.0
4.14733199577521 4.0
4.86542457369288 4.0
3.294201285275575 5.0
2.785530755057419 5.0
2.7606967924290653 5.0
1.835954442908094 0.0
1.988939142806935 0.0
1.6715989922011236 0.0
2.9535151509977693 2.0
2.014569526637659 2.0
2.8523007541262535 2.0
4.5057243565976925 4.0
4.221076211696796 4.0
5.01892339806574 4.0
3.083756817737182 3.0
3.8736315015825595 3.0
3.7067976629653017 3.0
2.263783308873112 3.0
3.7475386906038675 3.0
1.0561334157710538 3.0
3.3656772462740485 4.0
1.5879298636045895 4.0
0.8936928245494584 4.0
4.031186255704111 4.0
3.6922092980540535 4.0
4.48344107023096 4.0
4.052346191915558 7.0
3.478587852205444 7.0
3.867856879266532 7.0
5.876169229099889 6.0
5.561168313838525 6.0
6.3950864266038385 6.0
5.677152256709317 4.0
5.180331748455678 4.0
4.803068724538667 4.0
4.616651623753649 5.0
4.677091412778415 5.0
4.634266142138558 5.0
2.4694573542184317 1.0
2.1744589428990198 1.0
2.50323015810479 1.0
4.76200437543209 4.0
5.337379279391874 4.0
4.820783713670429 4.0
1.7538749315670985 2.0
1.7760755217671305 2.0
1.5125550149798392 2.0
4.292113152346288 4.0
4.366374138929154 4.0
3.7117037516621703 4.0
5.251065488446552 5.0
3.9744477051821128 5.0
4.6243869225257495 5.0
3.2970450638170337 2.0
2.599355545942232 2.0
1.626381010196092 2.0
3.624507236162537 4.0
4.165746901083124 4.0
3.6009592470295027 4.0
2.517429147738944 4.0
2.9257525224952263 4.0
3.324039637972997 4.0
4.641956416743337 5.0
4.326809955329942 5.0
3.154360321055225 5.0
3.452743416597269 5.0
3.386073295366562 5.0
3.2333350292524696 5.0
3.239882704715352 5.0
4.3282420165596704 5.0
2.7002016612194626 5.0
4.223937069473298 5.0
4.14803575355081 5.0
5.7511751269067135 5.0
5.31161960173658 6.0
5.854698033183362 6.0
6.03777227712683 6.0
4.914967818186193 6.0
4.619586862815911 6.0
4.307694175776061 6.0
4.0690969711595395 5.0
4.05770847373685 5.0
3.2827735002153506 5.0
3.5769280964718204 5.0
4.6117302163956895 5.0
3.3904854648926905 5.0
5.736726272848214 6.0
4.845643041894505 6.0
5.791577365248747 6.0
5.612068070789276 4.0
3.189268410706093 4.0
2.0596177758395298 4.0
4.2866263795306985 5.0
5.007617452219021 5.0
3.0926387928544323 5.0
4.3314110091787095 4.0
3.734321003661612 4.0
4.376207845275607 4.0
4.889011302377787 5.0
3.990690844530803 5.0
3.9967731030426537 5.0
1.7968295305088666 1.0
2.9003080356842803 1.0
3.680166829677776 1.0
4.684722534374768 5.0
3.7540829694289073 5.0
3.2529147309758204 5.0
4.598822353055648 5.0
3.5911673381484315 5.0
3.5480795952272657 5.0
4.480621297724256 5.0
4.155172489487702 5.0
3.1981734641097788 5.0
4.404682331713806 5.0
2.710004463352072 5.0
4.169663268076164 5.0
4.734807514506668 5.0
3.9564308472796434 5.0
5.091576081545522 5.0
4.812453309580542 6.0
5.647353040454074 6.0
3.2329505885857728 6.0
5.466143066030146 6.0
5.349741798473558 6.0
3.638019600746914 6.0
4.650972667636252 5.0
3.6038922595818543 5.0
3.844705680976108 5.0
5.053670813286167 5.0
4.112886542001028 5.0
5.40708037677671 5.0
5.609422218339055 6.0
6.1451061164305765 6.0
4.928771027023279 6.0
2.9981215830445347 4.0
4.090008775629844 4.0
3.0316582617352825 4.0
3.563342570670211 3.0
2.2686611449813463 3.0
2.189353601588801 3.0
2.5523570849179986 4.0
4.165559262547106 4.0
4.861375246550578 4.0
5.544743503722047 4.0
5.91854737047838 4.0
5.225122663595295 4.0
2.7916329857770767 3.0
5.660744962454828 3.0
4.636756534423449 3.0
3.556910379170854 3.0
3.4960926862575143 3.0
3.913091418924475 3.0
3.656547467420586 3.0
2.0885356624415454 3.0
3.4961055056825736 3.0
4.962841029500204 4.0
3.8684113661346395 4.0
4.165558841866882 4.0
5.776874947178147 6.0
4.332919335752133 6.0
5.3912957799780346 6.0
3.108769657415504 5.0
3.1559481749491884 5.0
3.0930241123862916 5.0
2.5749682768219193 1.0
2.6491043207726648 1.0
2.237247427690712 1.0
4.448678226382173 2.0
2.298833315063061 2.0
2.2519246309274537 2.0
5.238261164174101 6.0
4.338670079551105 6.0
2.8921200985893925 6.0
2.1995951316696294 2.0
0.8237460615768795 2.0
2.522505135347949 2.0
2.9405173289710937 3.0
1.7460478855196488 3.0
2.0471915368092324 3.0
4.877514843819577 0.0
3.7431192042723573 0.0
3.216045982659769 0.0
3.0124043478198046 3.0
1.4899523696192618 3.0
2.8919105671900724 3.0
2.45132277961377 4.0
3.1249207214552297 4.0
2.691099329551816 4.0
4.007221245548574 4.0
2.5116379773813806 4.0
4.329537417894117 4.0
1.3313321306454058 2.0
1.9049709433078177 2.0
1.4778068345626927 2.0
4.07391016065269 3.0
4.444120591384435 3.0
3.058505177458815 3.0
4.192444104769243 4.0
3.464598796297847 4.0
2.7287450103878723 4.0
2.937288727876826 5.0
2.9245319731353 5.0
3.204423342700502 5.0
2.694337131978456 4.0
2.13636830600341 4.0
3.17603427967242 4.0
3.125817885145268 3.0
5.139632063004681 3.0
3.174489220331901 3.0
2.5130783308392544 4.0
3.9372866300015597 4.0
2.834078567747871 4.0
2.6488176366880327 2.0
2.8159284303911902 2.0
1.9112765887559373 2.0
2.866293509356579 2.0
4.049655520389917 2.0
3.380577725198232 2.0
4.456007157360858 5.0
5.455587084733176 5.0
2.75059474300295 5.0
4.306314858659079 5.0
2.8063147619955067 5.0
3.8339797166848766 5.0
2.675988477263183 2.0
1.947441467510125 2.0
2.336368013641443 2.0
3.1483011699979784 4.0
2.563269751350674 4.0
4.989844097968624 4.0
2.787966168438903 4.0
1.779087803861109 4.0
3.417532438027974 4.0
0.6128250384649789 2.0
4.5893267991492745 2.0
4.483964136785238 2.0
4.712892313850824 7.0
4.255484113117336 7.0
4.609996551653095 7.0
3.2637608267614313 0.0
2.084301643178065 0.0
2.0553303205530296 0.0
1.866895068969071 0.0
2.030663467127562 0.0
2.4590045110625303 0.0
4.865590568073561 6.0
3.444911474942382 6.0
5.3462004168175925 6.0
3.3627021504612506 4.0
5.0265999242734125 4.0
2.373789417586306 4.0
5.379844995878737 5.0
6.324236664718571 5.0
5.791705785539462 5.0
2.700614166192982 4.0
2.4517106135397424 4.0
2.2960194859376073 4.0
2.034826692378764 2.0
1.4576307736196974 2.0
1.3305684607799415 2.0
2.520040675306569 3.0
2.020506484320804 3.0
1.535511481993882 3.0
2.384634379171722 3.0
1.838748899552171 3.0
0.8619010130564851 3.0
2.0877233302653257 1.0
2.5019718428196036 1.0
2.2300313070391575 1.0
2.170351929810495 2.0
3.374699290730501 2.0
3.544220681374517 2.0
3.0990954415024143 3.0
1.5607027392951027 3.0
2.2503911540424153 3.0
0.9127309771483549 1.0
1.5235804653584837 1.0
1.6414626650808641 1.0
4.158203660356031 5.0
3.99874533523302 5.0
2.0385256606600093 5.0
2.3484093445900913 4.0
1.8046280977718006 4.0
3.058453855912972 4.0