5.363525355265811 3.0
3.8003541117294657 3.0
4.910099582413407 3.0
5.779711068962375 5.0
4.544276192580204 5.0
5.722625880600916 5.0
5.18844763279405 5.0
5.273172257215205 5.0
4.608210949202481 5.0
3.1334395364675576 4.0
4.667397477535429 4.0
4.5160179414756145 4.0
5.134758612631527 7.0
6.179384831382331 7.0
6.3637265328356625 7.0
5.968790916138818 7.0
5.543261949703047 7.0
6.716038451406888 7.0
4.939683049453352 5.0
3.8711306584638097 5.0
2.94963963334298 5.0
6.314793091060341 4.0
4.758998591354198 4.0
5.066276525313862 4.0
4.520668176461671 7.0
5.759517926838066 7.0
4.291224024079473 7.0
5.121397266211304 5.0
4.005581698283737 5.0
3.6997717419799616 5.0
3.3096449896642426 1.0
3.2406811281274788 1.0
3.374878565656602 1.0
4.357002697584882 3.0
2.831948413231749 3.0
4.200994453380001 3.0
3.211209286241081 4.0
2.797349604827809 4.0
3.0893203116573558 4.0
6.183260180308359 4.0
5.855116308938888 4.0
5.984395173921156 4.0
5.866274208481017 6.0
4.536638658766367 6.0
6.4192795472536295 6.0
6.570410213606755 5.0
5.5408053114023215 5.0
6.2637348687661865 5.0
4.082849986704286 4.0
4.417442861492652 4.0
4.392685093002293 4.0
5.736945112199134 5.0
5.481498992157037 5.0
4.93545499602856 5.0
3.533395442767497 4.0
4.374061246745715 4.0
2.266760977718418 4.0
2.1097850713844912 3.0
2.2108719205861336 3.0
3.337566050578415 3.0
5.33260588502715 6.0
4.505675931486428 6.0
4.605151673434255 6.0
4.171473601753173 4.0
4.735404553102197 4.0
3.9229621894696995 4.0
4.940996131089245 5.0
4.584431264013833 5.0
6.228551361149362 5.0
6.106146467675276 5.0
5.326359272704586 5.0
6.073612733024484 5.0
5.542945271121839 5.0
4.694252827155639 5.0
5.553351069282705 5.0
4.698276305544939 5.0
3.8367412185655403 5.0
4.6411551714866155 5.0
4.114174880437201 4.0
4.356725526619513 4.0
4.4180601399433055 4.0
1.8622704622590585 2.0
3.1036963785236544 2.0
3.531553865309544 2.0
4.819489647894403 5.0
5.54456361011372 5.0
4.338026221803456 5.0
1.58384824434914 5.0
3.2038601171195458 5.0
2.036479741684297 5.0
5.415074326476764 5.0
4.490027594423979 5.0
5.2334870485963565 5.0
3.8745998135280133 3.0
3.639470417457429 3.0
2.2775612048138396 3.0
4.931483111832857 5.0
5.87432205609231 5.0
4.698388491358143 5.0
1.5183246632690517 0.0
2.512149537833411 0.0
3.6394162082281354 0.0
3.7534293524050253 4.0
3.371261274174185 4.0
3.2757981345501017 4.0
4.592116256196181 4.0
4.603661303295654 4.0
4.13125974400864 4.0
4.414260019656597 5.0
4.003974238684667 5.0
3.8939623517970006 5.0
5.962040067173925 7.0
5.440963964517256 7.0
6.213011309096204 7.0
4.6122679461339935 7.0
6.072952666650154 7.0
5.419509545762646 7.0
4.090103415835056 2.0
4.599541414584427 2.0
4.208631497704354 2.0
4.36116327423661 4.0
4.379031722650899 4.0
4.9296891529316476 4.0
6.021387460499884 4.0
4.529856970903139 4.0
2.951255429663404 4.0
5.44502448831482 3.0
4.822404571604701 3.0
5.31468279645241 3.0
4.815597058125885 3.0
3.1931346104343037 3.0
3.1774480417106146 3.0
5.054210302418787 5.0
3.7000936096833277 5.0
3.698824359958768 5.0
3.9835793901484227 3.0
3.987937302728063 3.0
1.6242117079533276 3.0
4.785377141496651 4.0
4.093629644491435 4.0
4.9746018005127075 4.0
2.0652860417847236 3.0
4.113194928192733 3.0
4.483632309567544 3.0
4.378219184769395 5.0
4.545690364055589 5.0
4.640654090095189 5.0
4.4889116216499065 4.0
4.008339524247319 4.0
4.85985689376049 4.0
4.206740918695973 3.0
3.529116156842184 3.0
4.199785049192989 3.0
3.262146823958022 3.0
3.9806705740239106 3.0
3.771265304520789 3.0
2.274762504456477 3.0
2.40261290037407 3.0
2.115985399734896 3.0
4.839465426001622 5.0
5.585224563850518 5.0
4.579018393576142 5.0
3.077031884255863 4.0
3.273431933467067 4.0
2.226638394817874 4.0
5.770062878198383 6.0
5.4336045277110046 6.0
6.137536613976802 6.0
4.106795912781493 5.0
5.259292695973381 5.0
5.3005471709392245 5.0
1.9859965667368653 1.0
3.010073415300163 1.0
1.4465193902554367 1.0
0.9326817853444365 0.0
1.0352582427326802 0.0
1.3391117738231026 0.0
3.8275343201872167 5.0
4.44330295911707 5.0
2.989859383787188 5.0
1.2662429818248049 3.0
1.9279434739051358 3.0
2.304319902502858 3.0
4.460798668107539 4.0
1.6827793018723918 4.0
4.093489485529387 4.0
1.201174921587493 2.0
2.7233747759203717 2.0
3.427567218864397 2.0
1.6776642933885917 4.0
3.3628582864359644 4.0
3.5117976935670594 4.0
4.359254355892127 4.0
3.8877485518399992 4.0
5.042053996444704 4.0
3.7692848556108913 2.0
3.905283174133483 2.0
3.9127810685233286 2.0
5.80207179195174 6.0
5.7285069660228425 6.0
4.575216223415505 6.0
3.4957609409042893 4.0
4.143870388808942 4.0
3.882368776594421 4.0
5.5338687724725935 5.0
5.898777113364972 5.0
4.237316346850421 5.0
5.881899847181183 6.0
5.669296057738749 6.0
5.15700479904111 6.0
4.500592103170489 5.0
4.7266767187930085 5.0
5.440018641698128 5.0
5.176470159179766 5.0
4.916855059837009 5.0
4.4856296924282075 5.0
3.127381526533264 4.0
4.5947082819319345 4.0
3.1975612772464976 4.0
3.1954289202220925 4.0
2.6414512629589164 4.0
3.4980907202236855 4.0
4.718704565317001 3.0
1.8061742768146736 3.0
5.405527662519404 3.0
2.637847410477539 2.0
1.7406836699872754 2.0
2.447040148579265 2.0
2.26594348765722 3.0
2.694932508399231 3.0
1.3594475543201978 3.0
2.3300438693444767 3.0
2.1898185394355503 3.0
1.8733933925508168 3.0
2.0274927287453655 1.0
2.0530025747031875 1.0
1.592839143526365 1.0
5.880317847779139 5.0
4.615532022831344 5.0
5.806979042812219 5.0
4.779590331734361 4.0
3.8919031448255845 4.0
5.23229157534415 4.0
3.5866429747868245 3.0
2.010410488289415 3.0
1.3424621261740446 3.0
1.3257711161309915 3.0
3.2415462485363182 3.0
2.077106769882092 3.0
3.8082847770661674 4.0
4.771049607072283 4.0
5.404121702267638 4.0
4.68950681192245 5.0
4.717335408415704 5.0
4.496741598543813 5.0
4.421874273671558 4.0
4.221202845003444 4.0
5.5455205392878915 4.0
5.377997968280298 4.0
4.246678599736392 4.0
4.535778694588133 4.0
2.1260136414584894 0.0
1.9255141662808979 0.0
2.33961848099111 0.0
1.7154986294221766 2.0
4.019633326687583 2.0
5.16454131033034 2.0
4.951930579686949 5.0
5.706433131539138 5.0
4.254627425415645 5.0
4.58747005730742 5.0
4.178760730637134 5.0
4.476035465142623 5.0
5.289395607508605 5.0
5.105211430224983 5.0
5.624672174985432 5.0
3.9170022754647316 4.0
4.26346449863332 4.0
4.142669689965289 4.0
2.7392278105941013 3.0
3.9879397404933115 3.0
4.289141200947568 3.0
2.8971696708033594 1.0
3.8191369006967184 1.0
4.755079246635817 1.0
3.360597478355417 5.0
5.750950211688584 5.0
6.480008251967768 5.0
4.599622296388605 3.0
4.715619479022957 3.0
3.5924382317577166 3.0
5.641439974565883 3.0
4.502095157095122 3.0
5.062117273739966 3.0
3.2021813041695744 3.0
3.2495439235938637 3.0
4.065885101664336 3.0
3.5402373255367485 5.0
4.56597147128743 5.0
3.087002187241579 5.0
5.915003987778246 5.0
4.789354712129577 5.0
6.319203983305945 5.0
6.175903545583927 5.0
5.648032619278382 5.0
5.7207982266038675 5.0
2.067880113646572 2.0
1.867412864316679 2.0
1.9179960779002911 2.0
3.9091648086519193 4.0
3.630501771932802 4.0
4.250911533859754 4.0
2.9112060733972482 4.0
3.1995716839494084 4.0
1.9239028162868326 4.0
2.0547217609036124 5.0
3.1007947309516615 5.0
4.0130553222446945 5.0
3.0362998823306935 4.0
2.1540287314653677 4.0
3.3165530455737167 4.0
4.1771589871351855 3.0
2.8363142958477767 3.0
2.322945790276002 3.0
4.06698845947046 5.0
4.5520309295802 5.0
5.105291269794114 5.0
4.584052558707181 4.0
3.9190416697855697 4.0
4.619323543130756 4.0
4.7048614604373915 5.0
3.268166640043511 5.0
3.511653980773149 5.0
4.627645005075262 4.0
3.823751666960225 4.0
3.110054879697499 4.0
3.1406402516296623 2.0
3.5045425789938367 2.0
5.684933552378719 5.0
5.415287626927472 5.0
6.209887910972971 5.0
3.6657165911073815 5.0
3.5662484754330097 5.0
2.9353432001304616 5.0
5.168343931620774 4.0
5.331471194388524 4.0
5.11944398823667 4.0
5.081314068720294 5.0
5.107500828917387 5.0
4.462506148903611 5.0
2.5397579020631347 4.0
5.514026934390887 4.0
3.3634145968624516 4.0
2.6824026744698193 3.0
4.710237379876661 3.0
3.526081709036836 3.0
3.7589344851301543 4.0
4.715309534709075 4.0
2.830325589102049 4.0
4.367176809197342 5.0
2.9309583634420613 5.0
4.872967118940875 5.0
3.067181038881346 1.0
3.046584617103255 1.0
2.516315560834624 1.0
2.6908045523727884 3.0
2.696905478897587 3.0
2.269057724213513 3.0
2.5192203846958985 3.0
3.9933812498530004 3.0
3.1150250943677036 3.0
3.272805917067259 4.0
3.441861181559362 4.0
4.016876825993826 4.0
4.101823101733336 4.0
4.202969418732442 4.0
4.264773707344853 4.0
6.11416760805086 5.0
5.793856591263655 5.0
6.157725152925114 5.0
3.4615280311634797 5.0
4.023540616918073 5.0
5.522331661870803 5.0
4.377068592048478 5.0
4.81063112167103 5.0
5.896830900047526 5.0
2.6634170672978765 5.0
3.7624978582415958 5.0
4.339091830052632 5.0
5.45810352611855 5.0
3.803674585709952 5.0
5.158844440916848 5.0
4.8555001447994455 5.0
5.8314157221767005 5.0
4.3982218648730464 5.0
3.807839004753614 4.0
5.302171659482957 4.0
4.285842026949864 4.0
3.7327081649943117 4.0
4.170565854291689 4.0
4.504228359500351 4.0
3.2226491035271114 3.0
3.224673195596501 3.0
3.149474981731135 3.0
2.701304956060694 4.0
3.5133230836851603 4.0
2.5216271893675453 4.0
5.568493935299197 5.0
6.17834589107007 5.0
3.632071062635327 5.0
4.855268698685674 4.0
4.241596642147731 4.0
4.382355600383873 4.0
3.10841481090053 4.0
2.0179396940412704 4.0
3.1289390825919816 4.0
4.338112848075184 3.0
3.698742753194632 3.0
2.4313786307213934 3.0
3.9014253225105673 4.0
4.117994533255584 4.0
4.471254198742395 4.0
3.5720784006202893 4.0
3.401576104885884 4.0
4.301460676495168 4.0
3.269991468923737 0.0
2.476218726037615 0.0
3.1705933535123254 0.0
4.217584359309817 4.0
2.141874044840316 4.0
3.510044259635397 4.0
3.7990567596881295 3.0
4.587080444210338 3.0
3.5585139569304887 3.0
2.2117315681221856 3.0
3.7276248317315392 3.0
2.6272580051311105 3.0
3.661565260027097 3.0
2.946402734620651 3.0
1.6616513669399782 3.0
2.584618844334447 2.0
1.9175058333495831 2.0
2.1784781397784077 2.0
5.613640872376197 6.0
4.491605992432454 6.0
5.509457136286295 6.0
2.414160867204723 2.0
4.042208736762685 2.0
3.0359540948921966 2.0
2.8681973148994904 2.0
3.077849481043632 2.0
2.9085058359354368 2.0
1.4207459053374814 1.0
3.1183435385897953 1.0
2.0129061993614514 1.0
5.340576414244412 6.0
4.073582948394547 6.0
4.965051591657824 6.0
4.79679409235188 5.0
4.684997692962966 5.0
5.7946107459502505 5.0
3.065951903447476 3.0
3.5611645608391083 3.0
2.051578291131407 3.0
2.839769108261074 4.0
4.1322323723077075 4.0
4.0041906850303395 4.0
4.510844172023447 3.0
3.964971402920651 3.0
2.7359796446542557 3.0
2.669974866935824 4.0
3.596198228712485 4.0
2.6050487790690755 4.0
3.393670165426589 3.0
4.380595674157635 3.0
3.061669418657436 3.0
4.1005073394962475 5.0
4.541994159054539 5.0
3.8814309541896925 5.0
1.3514170313364489 1.0
1.9853135076726633 1.0
1.5679477439748897 1.0
1.8334757958453294 3.0
3.9381242518603004 3.0
1.9029220708947876 3.0
1.6710698680359637 5.0
4.377419978773019 5.0
1.8949793371252548 5.0
3.8762126726576653 3.0
4.004720757489645 3.0
3.4355773651057753 3.0
4.914862721380229 7.0
5.524279055070067 7.0
5.320663745303174 7.0
2.0814929882693702 2.0
3.2354623398160993 2.0
1.8051902924037146 2.0
3.477872998770827 5.0
4.589830984568296 5.0
4.158108605146046 5.0
2.962729872967935 3.0
3.8247351956473046 3.0
1.3527704000218856 3.0
1.7501482117260712 1.0
3.265005539968422 1.0
1.459648851811238 1.0
5.329220537630667 5.0
3.756446537809282 5.0
4.66542211402697 5.0
4.596711274347117 6.0
5.25902878161069 6.0
5.445871908041209 6.0
1.7804448913135142 5.0
1.4000158300192467 5.0
3.4864590467875622 5.0
3.837830630108525 5.0
3.215479214783285 5.0
1.7846027475097475 5.0
1.8787777806085406 1.0
2.3377788774234545 1.0
1.1411847111420248 1.0
3.300431016504682 5.0
3.9748244182029078 5.0
3.0021846777529286 5.0
2.2718051090860034 0.0
1.2325883419267267 0.0
3.8477662307863816 0.0
2.7234159454060785 5.0
3.4658839318923893 5.0
6.787796654811536 5.0
1.4892210354383237 2.0
3.1480310713498647 2.0
3.57696329334706 2.0
3.8946594282742115 4.0
3.5592039403801503 4.0
4.6710470743611365 4.0
1.5342848868880306 0.0
1.2579580445298948 0.0
1.1142635470096118 0.0
3.6553070932188367 5.0
2.768791290244571 5.0
3.825855096504869 5.0
1.9965782917698462 4.0
3.5204495919230627 4.0
1.84908577595241 4.0
1.981224032287527 3.0
2.3827552059826576 3.0
2.0225258111467928 3.0
1.7903303957944376 1.0
2.266555314914938 1.0
3.4551232031452623 1.0
2.9206993634705705 5.0
4.13210856505014 5.0
2.5297529352753148 5.0
2.6542728377096187 5.0
3.7832561951136485 5.0
2.428453566749651 5.0
4.957209644013268 3.0
4.033959470949949 3.0
4.652881197856888 3.0
4.336529213554479 3.0
2.6966228526019593 3.0
3.4568728295938587 3.0