4.7702074157394945 5.0
4.082816475731964 5.0
4.089581069798503 5.0
4.758081374649224 5.0
4.360377479340597 5.0
3.7494720014984857 5.0
3.733641393439149 5.0
5.003568339346955 5.0
4.967908547174601 5.0
4.375293078906641 5.0
3.4481195820503503 6.0
5.874989723774801 6.0
6.347717580977901 6.0
5.87936087868304 6.0
5.513585379914954 6.0
5.530915060081268 4.0
6.077824299976895 4.0
2.960712169898209 4.0
5.494757066545305 4.0
4.3438897110322925 4.0
3.3997432266147407 5.0
3.873998672200698 5.0
5.918382195505202 5.0
4.606342161823205 5.0
5.9489631660426125 5.0
5.087697010098923 7.0
5.172530050641547 7.0
6.413346889351994 7.0
5.933228110811651 7.0
5.148997649031453 7.0
5.287942460979677 5.0
3.528903556703624 5.0
4.356056891070207 5.0
4.561284074621781 5.0
2.55320704308582 5.0
2.3813368673000905 4.0
4.731390592386001 4.0
4.7886023945843315 4.0
5.925937177413532 4.0
4.895837926982309 4.0
3.8184682236094467 5.0
3.7951847118176714 5.0
5.868070314617161 5.0
5.929117101608948 5.0
3.0981664905388886 5.0
1.9957944193139339 0.0
2.5565691397660193 0.0
1.9216289490689165 0.0
1.8274903582780244 0.0
3.7378443695294625 0.0
4.031111885149005 4.0
2.025983069559564 4.0
5.606273516787293 4.0
4.624464322945306 4.0
5.392820574506147 4.0
2.8763377414053926 3.0
2.2011668256522348 3.0
2.481108073751942 3.0
2.0319869520677742 3.0
1.1121931379608312 3.0
5.805867979588104 5.0
6.084329615448496 5.0
6.085393504102858 5.0
5.01092938132925 5.0
5.383094895957856 5.0
5.116626881742455 6.0
5.974026887238086 6.0
6.189838599471531 6.0
5.787976335930982 6.0
5.913880845231085 6.0
4.1904756005629284 5.0
5.781288272771039 5.0
6.505004651729096 5.0
6.211426392913769 5.0
5.2323247242464594 5.0
4.522687000787716 5.0
5.518364802805602 5.0
4.628576963942475 5.0
5.258924793068808 5.0
3.085696081807637 5.0
4.444192831676196 5.0
4.77360230380547 5.0
6.016267625719269 5.0
5.351394655308232 5.0
5.336716323301425 5.0
4.187983251651222 5.0
4.4896525266573155 5.0
4.7343436864749755 5.0
5.184687286534747 5.0
4.5874135598884225 5.0
4.787210784174336 3.0
2.2751549143108893 3.0
3.1485809273413237 3.0
3.6382189165997727 3.0
3.6543187038943836 3.0
5.134754262337984 5.0
4.761021130113613 5.0
3.9709163306509714 5.0
5.883781102062909 5.0
4.624426478559668 5.0
4.166864616203478 4.0
3.5976840161009456 4.0
4.67658376242715 4.0
5.644547590419165 4.0
4.259814005849098 4.0
5.125842075512552 7.0
5.61007060520965 7.0
6.315758915691703 7.0
6.2134318392305365 7.0
6.073368479368094 7.0
4.147478753926948 5.0
4.004205880815455 5.0
4.802448433502916 5.0
5.687354676875572 5.0
5.760522750305635 5.0
4.224904927771706 4.0
4.533560786131181 4.0
5.827233862936795 4.0
3.631765031479842 4.0
4.067653961115935 4.0
2.435150643505048 3.0
2.9181195898482786 3.0
2.7364748913112953 3.0
4.363098571455157 3.0
4.669107004426211 3.0
2.3225251479095457 1.0
2.9871699848717586 1.0
3.1728344252293303 1.0
2.7106556158490758 1.0
1.6753725265924655 1.0
2.730113455376987 3.0
3.028324877385786 3.0
5.484011723521487 3.0
3.4843565668750833 3.0
4.2842820449265195 3.0
4.0276073731352815 4.0
4.048160102356569 4.0
4.54931371970145 4.0
4.820461972213794 4.0
4.05435382907968 4.0
4.744364570698644 3.0
5.417285722641561 3.0
5.657868896928644 3.0
5.907455716275051 3.0
4.357541163090723 3.0
6.23323673096061 5.0
6.160765172636723 5.0
6.200792725430307 5.0
6.082712156668309 5.0
6.386594121887143 5.0
2.009209720315354 3.0
2.7599864671887384 3.0
4.010340184186792 3.0
2.7133451345325814 3.0
3.1699217953738787 3.0
4.31843789209391 5.0
5.2786242663229865 5.0
4.842451484595927 5.0
6.090721102860415 5.0
3.9663343093197327 5.0
3.387551182134591 1.0
2.159694944019014 1.0
3.080835089598339 1.0
3.1162649375887694 1.0
1.3669300984868358 1.0
2.827570725566228 4.0
2.202805125633799 4.0
3.229572601549251 4.0
4.119887801263509 4.0
4.23021120351234 4.0
3.3926067696497837 3.0
3.7816780262720133 3.0
5.11960791478379 3.0
4.271530895445481 3.0
5.414911552705868 3.0
4.092448463630839 6.0
5.484939244802278 6.0
4.682121136782918 6.0
4.98078717087242 6.0
4.842825290925389 6.0
4.089888697188544 3.0
3.723491437389928 3.0
2.7207469517644376 3.0
3.451473824858243 3.0
2.694716758198842 3.0
5.905919595888207 6.0
4.974179994747944 6.0
6.175909763824713 6.0
5.910537759910364 6.0
5.376514275077232 6.0
4.730624456732891 3.0
4.773850715562693 3.0
4.133248982106356 3.0
3.9568875462389563 3.0
5.449437011452653 3.0
4.1111641879661915 3.0
3.550570807252668 3.0
4.495729562825449 3.0
3.3113873306468036 3.0
3.160987302820089 3.0
4.592179418305119 4.0
5.435414138107367 4.0
4.828540748140448 4.0
5.460878415728486 4.0
5.9956958463699825 4.0
3.4992430075325185 4.0
4.737082909100048 4.0
5.0510325056593794 4.0
4.392171071999253 4.0
5.734086109407408 4.0
4.810457707166167 5.0
4.672272964898295 5.0
5.989852244360159 5.0
3.7822200843955143 5.0
5.732955315071775 5.0
4.838677654065816 5.0
4.156806665194704 5.0
4.493557356560547 5.0
4.584005836403239 5.0
3.5572907366972153 5.0
5.33208102412595 5.0
5.1269250801014845 5.0
3.9700132704800875 5.0
4.974545466954151 5.0
4.872427934690002 5.0
4.442810991223005 4.0
3.325418044233669 4.0
3.0774812857010976 4.0
4.1171010729100175 4.0
4.496753150090812 4.0
3.0988314952011664 0.0
2.7852224220455057 0.0
2.678064472750251 0.0
1.6373076259622301 0.0
2.5806780937191585 0.0
4.32528771874409 1.0
1.405757002422997 1.0
3.810164890732129 1.0
4.6746323115529425 1.0
1.5173185077036784 1.0
2.4027963526648666 4.0
4.402171789530827 4.0
4.484177306710862 4.0
5.239046544578263 4.0
4.927127651142159 4.0
3.7260941718089478 5.0
3.4701342996337896 5.0
2.7823152375721545 5.0
4.969141316081284 5.0
4.537030466683305 3.0
3.2583402829491694 3.0
3.8514745110658986 3.0
2.9557381024282394 3.0
3.088917825881165 3.0
4.875613614246781 5.0
4.046099883140697 5.0
4.428144458370967 5.0
4.486447464453244 5.0
2.6500651613728903 5.0
4.440586275836775 4.0
4.364719869652508 4.0
4.422428581744531 4.0
4.355335712680003 4.0
5.1464344607994725 4.0
5.196284599396512 5.0
4.585766691997391 5.0
4.787839140817431 5.0
5.367083822400357 5.0
5.249511054893438 5.0
4.4740321838287045 4.0
3.214806501505773 4.0
4.1376842135952465 4.0
5.088086900698985 4.0
5.430755043381521 4.0
3.3148869033409754 4.0
2.0809315324855757 4.0
2.9042080525312586 4.0
5.213490910216531 4.0
2.6752028951570863 4.0
5.018492263383417 3.0
4.8947547636865405 3.0
5.272804455005739 3.0
4.6344008395727885 3.0
4.520557241775667 3.0
5.2321238233119525 4.0
4.800177687209162 4.0
4.819437998724923 4.0
4.171319538007503 4.0
5.148550783924628 4.0
2.4816535535834094 0.0
2.5071819843598284 0.0
1.3250593859716528 0.0
1.8495934709793267 0.0
2.966509164282338 0.0
0.45058288649540496 0.0
1.6282502519011945 0.0
0.820830025530615 0.0
0.8715796662304333 0.0
0.795327221474447 0.0
2.205836133432557 0.0
1.308158881442847 0.0
1.997850276175463 0.0
3.373979628370613 0.0
0.4989140854891279 0.0
2.9630303783507155 2.0
1.396428404498351 2.0
2.8386585114896175 2.0
2.263007247455457 2.0
1.3992416972903237 2.0
0.7803333808045979 0.0
0.9372533577140076 0.0
0.47178987038979064 0.0
0.5914612451967407 0.0
1.9281248946876168 0.0
1.4402379366452902 0.0
1.4424454986726973 0.0
2.354656734259351 0.0
1.2261071455089767 0.0
2.4570318422264372 0.0
2.3175070093173527 2.0
3.965001916460383 2.0
3.5563915932658836 2.0
1.851522282152077 2.0
1.7947670769266764 2.0
4.692969248252583 5.0
1.6732555714427602 5.0
2.61566486598328 5.0
4.3960372268874615 5.0
5.458985929089416 5.0
2.9090736427231008 3.0
4.119148564610557 3.0
1.7720740235327055 3.0
2.3543494725901826 3.0
3.0532490918795703 3.0
4.158942417763175 4.0
3.612007685748361 4.0
3.281961413722184 4.0
3.5991315773077615 4.0
3.5542533852696323 4.0
3.248088708209566 3.0
2.821302014513667 3.0
3.7248923297461585 3.0
4.731539271980871 3.0
4.924193969497727 3.0
1.646533491401059 3.0
3.358664605213597 3.0
3.354598613084479 3.0
3.449090166872231 3.0
3.8892963085233676 3.0
2.733797342975288 3.0
2.932268847110339 3.0
3.816228812846725 3.0
3.4671431110962363 3.0
2.118734161172625 3.0
4.149736804436418 5.0
4.494537273122918 5.0
4.843751331852612 5.0
5.866994746993759 5.0
4.893580305730101 5.0
3.4939099897281958 5.0
3.960629565492083 5.0
4.212206352413031 5.0
3.47732791110625 5.0
5.289267252318199 5.0
3.998345193963451 5.0
3.8128174655562423 5.0
4.396818516962334 5.0
4.916382842871015 5.0
4.505508842805678 5.0
3.2116179096931985 3.0
2.6098927992009466 3.0
3.1210140008351224 3.0
4.006447675830682 3.0
2.5309762444178108 3.0
4.663246408083601 5.0
4.774861223782047 5.0
5.7940210394890395 5.0
6.032251605972354 5.0
4.575445245708657 5.0
3.3235077171432033 4.0
2.3270504746523786 4.0
3.9972174904662716 4.0
2.5357907955799157 4.0
3.5557886300007806 4.0
2.26751519239935 2.0
3.097685051943176 2.0
2.53214910468562 2.0
3.407437408865962 2.0
3.0687035265923823 2.0
3.359296846817813 3.0
3.3861206158387653 3.0
1.8202585967300835 3.0
5.309301066430291 3.0
5.010722653589671 3.0
3.3114500315727065 1.0
3.36776968225631 1.0
3.3048592203173865 1.0
1.4844439976985748 1.0
1.5494356784672587 1.0
3.1437232904831 3.0
1.6620136607163625 3.0
3.5227926535415532 3.0
3.954795602718713 3.0
3.874171355504447 3.0
1.522010599234937 3.0
2.008454009059699 3.0
2.0110169952743524 3.0
1.9050975754911654 3.0
3.153831742290511 3.0
2.8318093343571364 3.0
1.719038670642105 3.0
3.3987326388353627 3.0
4.331388995097589 3.0
1.5839056405097314 3.0
2.6931079971595966 5.0
2.140153049811198 5.0
2.670110252711554 5.0
3.657548398890098 5.0
3.932699437948457 5.0
1.4762416356592807 1.0
1.0455474790068344 1.0
0.6335550291805248 1.0
0.45848750601033067 1.0
1.0505559524264956 1.0
2.1339616113369724 4.0
2.575961580732282 4.0
2.5968086593753146 4.0
2.958183990411065 4.0
3.349604817426545 4.0
1.1118120491111247 3.0
-0.25320724411793266 3.0
1.3684758951251403 3.0
1.3342576155443089 3.0
1.4137607240208523 3.0
3.364310525815467 5.0
3.9230431415042903 5.0
3.7643482149846004 5.0
3.428095071230765 5.0
4.143207959739978 5.0
3.005778709864545 5.0
5.024795832060162 5.0
5.014346072506492 5.0
5.07807395181017 5.0
4.980616738631272 5.0
4.698344005105908 2.0
4.387575205137078 2.0
3.880264568964151 2.0
3.907046444211478 2.0
4.835470649589991 4.0
3.5437988584282136 4.0
4.030356007486523 4.0
4.445945210298264 4.0
3.658317086972107 4.0
4.0681105929398935 3.0
4.867783738740677 3.0
3.987809377749952 3.0
5.510309194742308 3.0
2.107623781009617 3.0
4.587284786033428 4.0
5.551901665129904 4.0
3.726070532657865 4.0
4.599117499282651 4.0
5.976714438404494 4.0
4.22781369208733 5.0
4.741567367850458 5.0
4.726452738155637 5.0
5.891514168061616 5.0
5.642782875586048 5.0
4.2139112933873015 4.0
4.70728620808831 4.0
4.36916873156492 4.0
5.533497652081744 4.0
4.719079777883081 4.0
4.3520777838222395 3.0
3.800807827431944 3.0
3.961145202340681 3.0
4.399444168293825 3.0
3.700667905830494 3.0
1.9216190268875049 4.0
2.9489953079509514 4.0
3.3173967753798252 4.0
2.8172084196015077 4.0
3.2551703310623634 4.0
2.8165256527112636 3.0
3.11606959077048 3.0
4.379575447994755 3.0
3.793568712206975 3.0
3.5955274667997896 3.0
4.69118506765023 3.0
3.9383463138954067 3.0
3.7966722304803575 3.0
4.9115460785617095 3.0
3.3097018462716425 3.0
2.4528501610848026 5.0
4.907771836029383 5.0
5.377939178731727 5.0
3.920468510037112 5.0
5.087884724659129 5.0
6.026265707084192 7.0
5.512185588511939 7.0
6.667852978886039 7.0
6.205544868300105 7.0
6.012723588114853 7.0
4.628124657677683 5.0
5.60897737887399 5.0
5.175523490999802 5.0
5.368245994316979 5.0
5.95565373772265 5.0
3.7230201672463 6.0
5.6857015385226894 6.0
5.447570181131233 6.0
5.624986739049896 6.0
5.763967232756779 6.0
4.2579892257601415 6.0
2.108119096292196 6.0
3.359349551227967 6.0
4.347010451585418 6.0
2.8636495917560594 6.0
4.744089165134891 5.0
5.477866680577676 5.0
4.95001056844511 5.0
6.542532020026078 5.0
5.599113461126978 5.0
3.363847939095723 5.0
4.3892771998849565 5.0
2.9438001468990853 5.0
5.589014148218284 5.0
3.684731747197466 5.0
3.2081712578085866 4.0
3.30994767757228 4.0
4.423341161142412 4.0
3.907523020111916 4.0
3.4441700915089273 4.0
1.9102045390169573 1.0
1.8285950406995346 1.0
2.0275563974400153 1.0
2.5311010010917103 1.0
3.3762824980478228 4.0
2.6980752059513047 4.0
4.230239433252048 4.0
2.104533614733926 4.0
4.044138028814824 4.0
3.162034225982354 1.0
3.2962783308143817 1.0
2.4096619481209482 1.0
3.9331444831858238 1.0
2.859003948773492 1.0
3.8332645027072236 3.0
3.8789787089491083 3.0
5.46564773135659 3.0
4.066588653993712 3.0
3.9397826477456848 2.0
2.6138469774819764 2.0
4.059543486522427 2.0
2.7638139572193032 2.0
2.683290765698584 2.0
3.848736244685694 4.0
3.613003930784701 4.0
4.552020202180868 4.0
2.8145956786796966 4.0
4.871885652296711 4.0
4.284877417115825 6.0
4.784300418837361 6.0
5.962262606716504 6.0
2.828174151934472 6.0
5.933086743273867 6.0
2.746734118557279 4.0
3.6238388920893527 4.0
2.178608603572654 4.0
4.722085804273882 4.0
3.391394404386559 4.0
3.1764216491986805 4.0
3.9982824442845852 4.0
3.844597244028146 4.0
3.618131592415769 4.0
4.510061150366567 4.0
3.2746632474148347 5.0
3.4170239640183864 5.0
4.29099608686274 5.0
3.0355811677095264 5.0
5.427012795057622 5.0
3.533549722769199 3.0
3.7835030006938677 3.0
3.8778461233726804 3.0
3.507015672582151 3.0
3.346790611548779 3.0
3.704852427199933 3.0
3.7413748025452223 3.0
4.777898614060527 3.0
2.314457495489666 3.0
3.007415229418725 3.0
5.551753747700913 6.0
4.8594264742841755 6.0
5.525606348418186 6.0
5.1357185757977115 6.0
3.9211615177453862 6.0
2.6336383226003313 4.0
3.062641262841487 4.0
3.913580873461455 4.0
3.86787933258843 4.0
3.654761531599372 4.0
4.788988421578071 6.0
5.703353949488769 6.0
5.93036754345825 6.0
5.3602037452397475 6.0
5.713193405304357 6.0
6.010113806011796 4.0
4.156808368042109 4.0
4.8633037540400395 4.0
4.235424538533572 4.0
4.794784190729471 4.0
3.0091544631464915 2.0
2.9828478447701308 2.0
2.3456173663297775 2.0
2.6655241197935333 2.0
2.7188836469807196 2.0
4.102104092276331 4.0
1.976541281642183 4.0
4.004544773272097 4.0
4.744574240299319 4.0
3.7599115685178326 4.0
4.414340257858483 4.0
4.65263159683616 4.0
4.251711154154337 4.0
4.3450901507378195 4.0
4.637392891492285 4.0
3.1047235544428244 3.0
3.2191326858718012 3.0
3.5827418133684144 3.0
2.0891250538887634 3.0
1.7555023992195202 3.0
3.486539510214697 4.0
3.7774817329907466 4.0
3.1657002827728213 4.0
3.6129871491145535 4.0
2.0468783518784086 4.0
1.0707361457875157 3.0
2.6324217199352997 3.0
3.771210076439597 3.0
2.743630273745962 3.0
3.8666190408396894 3.0
3.5390010172314947 5.0
4.313566498308535 5.0
3.089523554706748 5.0
3.055912071325937 5.0
2.454463314099333 5.0
2.078313786382969 3.0
2.9996472649370625 3.0
4.551346285411907 3.0
3.597012091159528 3.0
3.6994870760406267 3.0
4.840380704639963 5.0
4.779021241813072 5.0
4.105906707064493 5.0
5.880846060800015 5.0
3.2366160030496225 4.0
4.77058811979092 4.0
2.9243160697215025 4.0
5.632520874009988 4.0
4.312920359111815 4.0
2.5084036960743528 3.0
3.6085651790329343 3.0
3.5022853680201087 3.0
2.94853116391293 3.0
2.933992568249041 3.0
2.4893719616791046 4.0
3.119106787098247 4.0
4.232292687982147 4.0
4.159215642422305 4.0
3.141136784539694 4.0
2.4055737511353446 0.0
1.6819620364288865 0.0
3.1175804424703566 0.0
1.8443657967811629 0.0
2.6285590807095836 0.0
3.2916771785954415 3.0
3.583522092552194 3.0
2.9392460768479065 3.0
3.867003122456081 3.0
3.810555258653562 3.0
3.869644926869023 3.0
4.087833297363047 3.0
3.055420030169494 3.0
2.7779349761951835 3.0
4.542161250062907 3.0
3.580216901657652 5.0
2.7880230874123035 5.0
5.174811548985439 5.0
4.354951946501672 5.0
2.602467910267336 5.0
2.3485463857027904 3.0
2.3909176946376083 3.0
3.855246636601951 3.0
3.087391764678509 3.0
3.739279159940465 3.0
2.6708869981578283 1.0
2.4083263272509523 1.0
1.3136118225404108 1.0
2.637148278994107 1.0
2.86781618577388 1.0
2.7610544169046993 4.0
2.5914283304926076 4.0
4.382545461469638 4.0
4.440117070767346 4.0
4.7952576390264445 4.0
3.2377296697225906 4.0
2.535040928935546 4.0
4.071578760670583 4.0
4.01942018908536 4.0
4.725402526626498 4.0
3.3768647349235166 3.0
3.0872859018563843 3.0
2.389356306408017 3.0
5.2738308503964095 3.0
3.4469615622425644 3.0
3.797364428376112 5.0
2.265452629754625 5.0
0.8378073358179854 5.0
3.656290296588707 5.0
3.1251356114942155 5.0
2.6544923390938417 1.0
3.3683181835629883 1.0
4.450098528733215 1.0
2.9564056043929217 1.0
3.7553511311424335 1.0
3.9627303978260233 4.0
2.4368745560754497 4.0
3.143808855838948 4.0
2.888084993937699 4.0
2.9189624891102226 4.0
2.3399143932774753 0.0
2.0680654069181865 0.0
2.364447361422248 0.0
2.240673203128046 0.0
2.8168444993952755 4.0
2.962128145362476 4.0
2.097659837003664 4.0
4.875458859088817 4.0
2.7615992416693684 4.0
4.052257288683758 3.0
3.664910176794607 3.0
3.050128403451119 3.0
4.194947424046474 3.0
3.7653361775246457 3.0
3.6213228262376456 4.0
2.328757873684866 4.0
3.233572454046901 4.0
2.846154379390905 4.0
2.882206018925493 4.0
3.7862531357395373 3.0
4.442479126194471 3.0
2.2717246989139412 3.0
3.5296896160412294 3.0
3.5309615048544347 3.0
4.3619335128798005 6.0
3.373339351367206 6.0
2.8471015790956806 6.0
5.075563592676555 6.0
5.331128539001524 6.0
3.5189165834655576 3.0
2.284667611196768 3.0
2.44961150036609 3.0
3.047487599237558 3.0
2.892199106650038 3.0
3.309205148992554 2.0
2.44942848338506 2.0
2.751003937643716 2.0
2.4196890040757926 2.0
2.5622113499206596 2.0
3.358670278160555 2.0
3.4952146387891765 2.0
1.6714214028768604 2.0
2.9765031764801595 2.0
3.288919294387015 2.0
3.527670907648199 2.0
2.515000879431398 2.0
3.468956847327503 2.0
2.619557672095078 2.0
1.8047836548295006 2.0
4.011598721015703 3.0
2.8909287443509313 3.0
3.7169095042530174 3.0
1.721073721723668 3.0
2.6268855306030185 3.0
3.2967278857970226 5.0
3.8469093312632237 5.0
5.043751360896152 5.0
4.615673060295497 5.0
2.828739037922226 5.0
4.1528939897705905 1.0
1.382692026395464 1.0
1.191332473611235 1.0
2.575731958014602 1.0
2.163240292504607 1.0
3.6633424492438746 4.0
4.149423940296506 4.0
4.0439477402321655 4.0
5.21997604165149 4.0
5.206015145807611 4.0
2.9886983794433477 1.0
2.697567403813472 1.0
3.825912736586585 1.0
2.787099340478185 1.0
3.4945821469957123 1.0
1.8664678917357964 2.0
2.2703405132677523 2.0
1.3765854781008673 2.0
2.2447436997417065 2.0
3.579551857126382 2.0
2.0560465318495074 3.0
2.221179696895771 3.0
2.3530849662894684 3.0
2.6285489155607826 3.0
2.1806996876220768 3.0
3.0647786910361288 3.0
2.8794132866280524 3.0
1.8516138811964442 3.0
2.228813175026467 3.0
2.4568408546064275 3.0
3.827444642897317 3.0
3.905763260212884 3.0
4.0113030123610045 3.0
5.081359134907083 3.0
2.4174146218374637 3.0
2.464228712384645 3.0
2.3290321438029893 3.0
1.7338938929063958 3.0
2.1225243082687024 3.0
2.563728776855799 3.0
2.367742364442354 1.0
0.7521721221776985 1.0
0.6599045334057397 1.0
1.5495361693216692 1.0
2.1665283060770277 1.0
3.512501168254469 1.0
2.172093588282401 1.0
1.7481239166353029 1.0
2.676460780840191 1.0
3.549994530858749 1.0
2.260573148716149 3.0
1.8809721319273085 3.0
1.4815137291288396 3.0
2.3565645691108696 3.0
0.5827538252115289 3.0
3.6012773394844135 5.0
3.308978533005075 5.0
4.54895215083931 5.0
2.7782711067725088 5.0
4.17860517861146 5.0
3.7971091407580575 4.0
3.9454906675743078 4.0
4.78838808563554 4.0
4.049223213375989 4.0
3.387853520923536 4.0
2.6229661685093273 1.0
1.529583142063863 1.0
2.7409592433665355 1.0
1.9278196751076113 1.0
2.820844889297396 1.0
3.3160184954069716 3.0
3.055247853418849 3.0
3.6313479907205344 3.0
3.1258378823061377 3.0
2.2391058189053505 3.0
2.020484246054329 3.0
3.5224721932892544 3.0
2.87926508541054 3.0
3.1639198934412236 3.0
4.485389479449845 3.0
3.4221906501265362 3.0
3.3353330418019063 3.0
5.0137924888972 3.0
3.7012023249235595 3.0
3.4821550906707164 3.0
0.8521452425370496 3.0
2.653382930614964 3.0
4.390404302312801 3.0
3.7094275999009665 3.0
2.344197741318477 3.0
3.241798713068652 3.0
2.3375899663080255 3.0
3.4791596998824716 3.0
2.0551962714255296 3.0
1.8910312442592865 3.0
3.081004109902682 3.0
1.9064273827097098 3.0
3.3000519374179325 3.0
2.417618033632625 3.0
2.8068447739206537 3.0
2.6532562827153963 0.0
2.2676532826476943 0.0
1.5045467659714271 0.0
1.8240286350848485 0.0
0.7782347907878022 0.0
3.7271723035349718 1.0
1.8416739447800743 1.0
1.798064858602653 1.0
1.6544540645382912 1.0
3.368186853946965 1.0
0.4369368302907353 1.0
2.1563608583076066 1.0
2.209363816515738 1.0
2.6141834575865213 1.0
1.9897428541713946 1.0
3.7670973647167267 2.0
0.6345992415851298 2.0
0.7499981026022549 2.0
2.555678764923731 2.0
1.7363370688951425 2.0
2.4711662717049356 1.0
0.6819038098905591 1.0
2.3593006813919164 1.0
2.2095580415551033 1.0
2.141337138061732 1.0
2.695181104819316 2.0
1.7843577708568377 2.0
3.738966208305109 2.0
2.2909834654776944 2.0
1.6529392784847514 2.0
1.6613931866578189 1.0
2.067699149116063 1.0
1.1340285940956611 1.0
2.311840922955287 1.0
1.603665170589851 1.0
2.973494117561231 3.0
3.528343348827767 3.0
3.8968855649273135 3.0
2.694170264086595 3.0
4.5449820866789405 3.0
0.8479962544951866 1.0
1.8983021143566978 1.0
0.9957250957933864 1.0
1.5629044065800675 1.0
2.343970191202175 1.0
2.866763315751746 1.0
2.053761288960827 1.0
2.2127511019212363 1.0
2.71082291003627 1.0
2.3166861206720846 1.0