5.2764108736265944 4.0
5.806296883848604 4.0
5.022281344596263 4.0
5.0361400218664345 5.0
4.643690863772373 5.0
5.133920128206867 5.0
4.806392539982347 4.0
3.2562109444614236 4.0
5.476949520264337 4.0
4.645014929807299 5.0
3.8008462198799924 5.0
4.9524610760791745 5.0
4.028633511259174 5.0
4.7288729733268235 5.0
4.89850183054212 5.0
4.191660746483441 4.0
5.062995543442435 4.0
3.3595910064187526 4.0
5.398414959970547 5.0
3.484426608468582 5.0
5.254994573813531 5.0
3.056293846509008 3.0
3.8259854277487344 3.0
2.1275284518961 3.0
3.905124865909205 4.0
5.199622223778348 4.0
4.078687442573285 4.0
2.149307861164603 3.0
3.618259169853306 3.0
3.0112901518472723 3.0
5.902527032577653 5.0
5.792311665288879 5.0
6.113618421558541 5.0
5.3810490304662055 6.0
5.5187962275690765 6.0
4.642893710607194 6.0
4.073123803232921 2.0
4.28867536197189 2.0
4.359915678375756 2.0
3.6382621557423596 5.0
3.214777024530558 5.0
3.094785201393665 5.0
5.387895547600264 3.0
4.564930915183881 3.0
4.24506335283621 3.0
5.51090103358802 6.0
4.773954482310004 6.0
6.309311067943219 6.0
5.867865303801108 5.0
5.886830815717 5.0
5.881216684751799 5.0
6.31808209874435 5.0
6.077579095792074 5.0
6.30348302784123 5.0
5.679255080046964 5.0
5.082857202084593 5.0
5.7163499925880705 5.0
6.427358981752405 7.0
4.458450963072926 7.0
5.286427366881442 7.0
3.90410364650646 4.0
4.658659439989193 4.0
3.8313708528476593 4.0
2.837854173969774 3.0
4.46753065182643 3.0
3.9103203737501935 3.0
6.459342104060829 6.0
6.278878238042808 6.0
6.481364236235688 6.0
4.198360612389951 5.0
4.687439236603056 5.0
6.091127822221082 5.0
4.911871241036204 5.0
4.907802306376843 5.0
3.6174523217348797 5.0
6.170454609343909 7.0
6.436178896058105 7.0
5.259861000024809 7.0
4.736157786127528 5.0
6.143096773880572 5.0
5.510086112818545 5.0
5.858091042998865 5.0
5.168269520052351 5.0
6.257492122933992 5.0
5.679247595952946 5.0
4.952558346013499 5.0
4.22780891909815 5.0
5.730596987484585 3.0
3.537563397466327 3.0
5.520866096346039 3.0
5.507593406368261 5.0
5.507340214528462 5.0
6.308482293071718 5.0
5.460796044891361 5.0
4.417965525191749 5.0
4.393679815199398 5.0
5.258397024422266 5.0
6.430011573857161 5.0
6.216533611167206 5.0
5.287452623032027 3.0
5.751670698020411 3.0
3.900974274438808 3.0
5.320277012765253 6.0
4.079027634897605 6.0
5.070980014299692 6.0
4.572041228088761 3.0
4.616475921895974 3.0
3.4820873151488674 3.0
5.556104069090177 5.0
4.612385618355476 5.0
5.18362127523069 5.0
5.864347451432579 5.0
4.919968659188982 5.0
6.032229084566486 5.0
5.208542563342396 5.0
5.558046729288659 5.0
6.22599869718481 5.0
4.778650270596493 4.0
5.773194074496773 4.0
4.2982849343686285 4.0
4.714780698250287 5.0
4.028525234646515 5.0
2.1837078780873207 5.0
5.301898402910741 5.0
4.518719879690963 5.0
4.230182329000479 5.0
5.605094100212835 7.0
6.269466236758736 7.0
3.9446950860381866 7.0
4.411131584358756 3.0
4.301371092990615 3.0
5.3682584294343245 3.0
2.1881838878734214 3.0
4.251020251505556 3.0
4.725905335674872 3.0
2.1673686726939736 4.0
3.91726469675362 4.0
3.085698221469369 4.0
5.79982331391257 5.0
5.03762860819616 5.0
4.523683126126302 5.0
2.030239995154578 4.0
2.307806169022657 4.0
3.4576092057517602 4.0
6.752890759724236 6.0
6.057745845003843 6.0
5.58489382541914 6.0
4.619480305946743 5.0
4.500041446413421 5.0
5.117938587256051 5.0
3.999210508318932 4.0
4.4921828145228755 4.0
6.138791112914582 4.0
4.644589797073841 5.0
5.034270521623787 5.0
3.9331071250342475 5.0
6.1819410433581865 4.0
3.886181910750452 4.0
5.59784419600963 4.0
5.783956866102084 5.0
5.052237562754988 5.0
4.902064360165889 5.0
5.5364729094724865 3.0
5.921678498252633 3.0
4.738201175452399 3.0
5.341580687704056 6.0
6.08493587498128 6.0
4.329794573539936 6.0
5.616530294299284 6.0
6.0324983596890425 6.0
6.296110979184871 6.0
5.31397820948845 3.0
3.176258359203141 3.0
4.230067313835444 3.0
3.34222637837732 1.0
4.321356633864128 1.0
3.0630996966004167 1.0
2.489635550652576 2.0
3.2486142474462456 2.0
4.968827707942826 2.0
2.8762312622320203 3.0
2.5363635299915597 3.0
2.920008473018961 3.0
3.372419677685112 2.0
0.7792782119774311 2.0
2.970792101803778 2.0
1.9424947591860717 4.0
3.439921324784242 4.0
2.881763967989604 4.0
2.5010031505137964 5.0
5.02951471312997 5.0
5.422650186232618 5.0
4.414328498815118 5.0
4.169633762263575 5.0
4.321693888666083 5.0
5.656034998796057 6.0
6.116371460065762 6.0
4.029783200789186 6.0
2.315641389561795 1.0
0.9966614008430011 1.0
2.560458550371051 1.0
0.8207742061036303 0.0
0.7820893305515508 0.0
2.5530591601466237 0.0
2.9838837694418787 3.0
1.5812302097575854 3.0
2.916576341745118 3.0
0.8563967725460426 1.0
1.7437694263870747 1.0
0.9847677831815314 1.0
2.2029768044718425 0.0
2.1660692249388602 0.0
3.1274392897363694 0.0
1.755468440448982 2.0
2.706656520853792 2.0
4.373815725489076 2.0
2.0880589415701616 0.0
1.0236115366262135 0.0
1.416623317527118 0.0
2.8861872277083975 5.0
4.93480428657423 5.0
5.646734464090082 5.0
2.754794961631703 3.0
3.911931456888321 3.0
4.89572607016457 3.0
4.882299899680258 5.0
3.172798633676692 5.0
2.383919328968582 5.0
5.318175446808815 6.0
4.975967798278236 6.0
5.916826565488349 6.0
3.299237756428137 5.0
3.9240781762733254 5.0
5.014048851573428 5.0
3.2509612748549106 3.0
2.510259901048441 3.0
3.877427885054762 3.0
4.382202991950503 5.0
5.764511279306884 5.0
4.386264720158625 5.0
3.8833579541409433 3.0
4.522625110618912 3.0
3.798802810734335 3.0
4.56010505311919 6.0
5.520692866964447 6.0
6.015268195636227 6.0
2.291949049608651 3.0
2.6203775363498014 3.0
1.3977591834117857 3.0
5.372483911854 5.0
3.662487259355391 5.0
4.335717047202895 5.0
2.0660714232707216 3.0
2.6274834045800666 3.0
0.8901036020622511 3.0
2.590932708005674 0.0
1.107337364839362 0.0
2.8380211981024077 0.0
3.0638046829097534 5.0
4.378390298135624 5.0
4.038625955897824 5.0
3.4907791585229946 1.0
2.74144665667374 1.0
1.458266007932154 1.0
5.649303846333839 5.0
5.910034828786679 5.0
6.017299004825423 5.0
2.319763387355021 3.0
2.66843626583198 3.0
2.8630872528649616 3.0
4.643039223853711 5.0
3.4590335334545834 5.0
4.52837238313116 5.0
2.297447373190099 3.0
3.109445816994502 3.0
0.9382335657097938 3.0
3.9699102052030257 5.0
3.876974720065731 5.0
2.9605082651379315 5.0
3.27098713606259 1.0
1.4901411583261501 1.0
1.9590189777681277 1.0
4.755163443466318 4.0
3.241326560932672 4.0
2.859558150578371 4.0
3.7549550190073115 4.0
3.5815585092328672 4.0
3.610519044261319 4.0
1.3540198351939539 3.0
3.1238607712616147 3.0
1.5974105295268894 3.0
4.640609274787706 6.0
5.346761432362728 6.0
4.655466865868213 6.0
5.736033867602565 5.0
4.95415487226302 5.0
6.26649809999299 5.0
3.435661818906645 3.0
3.7190302164270737 3.0
2.9883774638640657 3.0
3.700469939352076 5.0
4.566536107734603 5.0
3.726282205637979 5.0
4.325437541949422 3.0
4.544039566950824 3.0
4.540678539478658 3.0
2.7880003208165456 2.0
4.230883839243638 2.0
4.583553957488222 2.0
6.188636189392383 5.0
4.867599233834883 5.0
4.2716375766993435 5.0
4.25981914280971 5.0
3.801000829349699 5.0
2.6057816491969703 5.0
5.254124231761553 5.0
5.519108838258807 5.0
3.512155386999471 5.0
6.371934586603573 7.0
5.396002725818271 7.0
6.366927309133302 7.0
2.4671714468062538 2.0
4.280837690253421 2.0
4.597520945494488 2.0
6.222988322313036 7.0
5.308368497939531 7.0
6.051565554288117 7.0
5.349148057741259 7.0
5.443819832007407 7.0
5.801263968599118 7.0
6.1057371005922 7.0
5.727438499372375 7.0
6.297773313254835 7.0
2.9567393674384763 4.0
2.418667937985681 4.0
2.7862489399955908 4.0
5.773501230206868 5.0
5.400656018079788 5.0
5.464916202669138 5.0
3.1459508768223032 3.0
2.2934951295787718 3.0
1.6671811850497276 3.0
4.388673678371359 2.0
3.8206546033761826 2.0
2.7357046796066484 2.0
2.5791181781019477 2.0
2.6972740804255677 2.0
2.553628500327094 2.0
3.105043395337936 4.0
2.363839829025543 4.0
3.7100909212759263 4.0
5.552797907645955 5.0
6.222534881538086 5.0
4.50028303311549 5.0
4.991387238120028 4.0
2.2386597232145933 4.0
3.1290180030219994 4.0
5.65571169634052 4.0
4.597421197552389 4.0
4.456518932408143 4.0
4.7614496269381075 5.0
4.600915554098455 5.0
4.958451379404379 5.0
2.689597817135142 4.0
2.937749593059751 4.0
1.968005858197184 4.0
6.531736160977583 5.0
5.233203738439013 5.0
4.570575544360213 5.0
5.848936073508851 5.0
3.6682080472952117 5.0
4.1512843962827555 5.0
2.026336961185584 3.0
2.220264503517987 3.0
2.4438708586577653 3.0
3.255971659774772 3.0
3.185931509935984 3.0
3.535521128555134 3.0
3.109362233313044 4.0
4.404657868159727 4.0
3.145146638242072 4.0
3.76425914451122 3.0
4.408415884257573 3.0
3.4953735071822325 3.0
4.789116296921916 4.0
3.6412574416577197 4.0
3.4636175819433945 4.0
3.404806024060257 3.0
3.3277910885161868 3.0
4.1340288488743 3.0
2.57337268117473 3.0
3.934605782432115 3.0
1.8287018255817211 3.0
6.220044776750908 5.0
4.591814294172741 5.0
4.973601945307578 5.0
4.612826341514998 6.0
4.193875339074699 6.0
3.5717797245815386 6.0
4.757232409154488 4.0
4.142451354470875 4.0
5.081939245463115 4.0
3.878285643221229 4.0
4.0276039485669655 4.0
5.356050807764311 4.0
5.297692114206432 7.0
5.160395522619913 7.0
5.967438544164642 7.0
4.958216488495859 5.0
5.293972083041043 5.0
4.14535022088779 5.0
3.7056221503655293 4.0
2.84266865153873 4.0
4.907877431526733 4.0
1.3708582459836418 3.0
3.032196786806826 3.0
3.9344832452898166 3.0
5.187887724266867 5.0
4.497330600275613 5.0
4.945725953159003 5.0
1.842179463701546 2.0
2.3689209979945947 2.0
1.950366835607883 2.0
4.131934342920318 5.0
5.0248188861003 5.0
2.5018907511203503 5.0
3.5206206314519086 5.0
2.921291578763892 5.0
3.523764567760728 5.0
4.992828035483065 5.0
4.570848966077973 5.0
3.1024395603501453 5.0
4.4293917888104675 5.0
3.0839119413542604 5.0
4.488356520817389 5.0
4.193303485902204 6.0
5.806753259125856 6.0
3.0503338581180746 6.0
3.54029913948533 3.0
2.5966146835061017 3.0
4.78426132144273 3.0
3.1328202449416302 5.0
5.839212746535677 5.0
3.839142456232647 5.0
3.139367582908463 2.0
4.710528016446093 2.0
1.3585274650157142 2.0
2.287781703792943 3.0
3.782978340565183 3.0
4.76240545665048 3.0
2.902368394660037 3.0
3.0404437242613804 3.0
2.9671686965022603 3.0
3.3130456252708984 5.0
4.516339780866045 5.0
3.0417163614192098 5.0
2.2188940827254706 3.0
2.5437139920610474 3.0
3.1143385649364577 3.0
2.8563610700031403 3.0
3.0161031764691426 3.0
4.177907234078202 3.0
3.440942281939943 5.0
4.121186530954423 5.0
3.371452793791633 5.0
2.4890255971186055 3.0
2.4880743712372313 3.0
1.546474791985942 3.0
3.1942102806354713 3.0
2.753886551728208 3.0
2.2488685892435316 3.0
2.804423579420515 3.0
2.6301712539154125 3.0
1.6488922687688186 3.0
3.8267756349388393 5.0
4.402826594293649 5.0
3.2382512071600336 5.0
5.411634568085258 4.0
4.033833481236491 4.0
4.6444124356527094 4.0
4.106433185189637 3.0
4.533556771797011 3.0
2.870488595922736 3.0
3.9612263647752997 5.0
2.778077322075745 5.0
3.1981046726152065 5.0
2.8745990473381533 4.0
3.4296173401521814 4.0
2.993125032621511 4.0
3.2008735773403814 2.0
2.8286591096304825 2.0
2.513475515854711 2.0
1.5403293957410689 1.0
2.686016134205579 1.0
4.721347388897055 1.0
2.858747549681469 0.0
3.72987927461301 0.0
3.611691643997118 0.0
1.3569354642259854 3.0
2.065559672967629 3.0
2.474555978382669 3.0
4.505179730936307 5.0
3.511316614031561 5.0
4.248248372198019 5.0
3.9645061606778094 3.0
2.1660069354697247 3.0
2.00565535382926 3.0
4.185135979623208 3.0
4.618510800188264 3.0
4.328798257896565 3.0
3.757610781671298 5.0
4.126021352323571 5.0
4.959937551604485 5.0
1.37519761803039 3.0
2.1084051871303724 3.0
3.7567803005486233 3.0
2.59544408474277 1.0
2.817936790199906 1.0
2.8971086736833556 1.0
2.4167844679513415 3.0
3.8092352123210143 3.0
4.120777130740824 3.0
3.5843614992661976 5.0
5.78148299914624 5.0
3.994709458307553 5.0
2.5214074043722596 4.0
2.4932897781930916 4.0
1.6395326299033643 4.0
3.597458596535145 3.0
3.5136990978002487 3.0
2.8700658579101104 3.0
3.053258439915033 4.0
3.1405584919902183 4.0
0.8684254579886629 4.0
5.737083188991127 4.0
4.025518745818976 4.0
4.270065157954888 4.0
3.2669913894618863 4.0
3.469020307045457 4.0
3.12762442244596 4.0
4.661907966945228 5.0
3.6637129225173197 5.0
4.267453941583808 5.0
1.6624796928566834 0.0
2.369785412251784 0.0
2.6929589384838963 0.0
2.4212507691990726 2.0
1.2208277186837846 2.0
1.4040428840232715 2.0
2.9018163379576856 3.0
2.971576938543069 3.0
3.1072121653459495 3.0
1.613649260023444 2.0
2.0256089706488964 2.0
0.8401555868723218 2.0
2.4723033336920586 3.0
3.09868448533908 3.0
3.3080060283198596 3.0
1.739266499779938 2.0
1.2672206474952732 2.0
2.5668047234661397 2.0
1.5522756649260872 2.0
2.179072836821796 2.0
1.2750043201715837 2.0
2.6547790993386835 2.0
1.741890036011388 2.0
1.334725753595402 2.0