4.911113272912773 4.0
2.596476084310971 4.0
3.976293068376358 4.0
5.345304344924107 4.0
4.409080532695908 4.0
3.1823469875648778 3.0
2.9888992806879444 3.0
4.467392635662679 3.0
3.9233788850836833 3.0
2.4570735813687956 3.0
3.3102505248361704 4.0
4.356889162643331 4.0
5.3132328127449995 4.0
5.469250756473763 4.0
4.342967514249379 4.0
4.557163108487017 2.0
2.7699150243575272 2.0
4.046810982035744 2.0
3.919541400727542 2.0
4.597850359935764 2.0
2.727736370101177 4.0
5.116622393596794 4.0
4.389605952187592 4.0
4.925920787947977 4.0
3.6797042203628845 4.0
1.4253408538489631 3.0
2.0300807197145976 3.0
2.3223318982880286 3.0
3.2532106223633823 3.0
2.986538962506264 3.0
1.5617860049834762 4.0
3.1785604387222284 4.0
4.369271161733353 4.0
4.847122160946444 4.0
3.6187506173769104 4.0
3.9712265344109037 1.0
2.159232555877454 1.0
3.571280106548544 1.0
3.072209243227368 1.0
2.7554739562057575 1.0
4.921960771457732 4.0
2.560773490430902 4.0
3.8952654228685843 4.0
5.109765340870434 4.0
4.624632803311125 4.0
3.2885999680173743 3.0
3.626630753473359 3.0
2.560902008954135 3.0
4.113278687821433 3.0
3.330482391084786 3.0
4.709435121435353 6.0
5.741982114011084 6.0
5.736246247595369 6.0
6.628440109657171 6.0
5.973178338174072 6.0
5.419467485892933 7.0
6.491473281164513 7.0
5.834840890112324 7.0
5.475898059110719 7.0
2.299207637264218 7.0
2.900539250138938 3.0
3.7889765579813823 3.0
3.2924176540115657 3.0
4.713088708314887 3.0
4.762919412069917 3.0
3.8424132574119807 5.0
3.028365627047261 5.0
3.5287831077776746 5.0
4.795869372691797 5.0
3.850815607642118 5.0
5.534455730683144 4.0
5.7493288377495215 4.0
4.545099877116836 4.0
4.345547261666475 4.0
4.588691960071606 4.0
5.4109027506472875 5.0
5.409711155513971 5.0
5.210457872381304 5.0
6.140420929051091 5.0
4.986600047125045 5.0
4.727664961143162 5.0
6.008823636873922 5.0
4.958563336496854 5.0
6.16900600295147 5.0
5.617537147497277 5.0
3.763632558431134 5.0
6.418185339154178 5.0
5.502896453663384 5.0
6.158187635439143 5.0
6.109806583375288 5.0
3.3839580889829657 5.0
4.844513349688135 5.0
5.323387354314672 5.0
4.68339172433341 5.0
5.492672474841585 5.0
6.507787983870677 7.0
6.083887070717281 7.0
6.36441444136846 7.0
5.463953684608006 7.0
6.056454464144425 7.0
2.9276941452808085 4.0
6.192699200438581 4.0
3.9151431486414356 4.0
3.5513690131754707 4.0
2.5096878302224654 4.0
5.583087829048747 3.0
4.627591769020118 3.0
5.463078584059898 3.0
4.360885277827439 3.0
5.967752718562007 3.0
4.747054624582505 6.0
6.049190064040161 6.0
6.634590309189659 6.0
6.074057137553383 6.0
5.770832074270093 6.0
1.525691611402552 5.0
4.3125162386204945 5.0
4.713727656434578 5.0
3.6530429972551333 5.0
5.082162063936832 5.0
3.3633567525991044 5.0
3.458859747319453 5.0
3.0832463476241756 5.0
4.230899680734458 5.0
4.1598872261337 5.0
4.2791657647220145 7.0
6.468806203373108 7.0
5.923937497012762 7.0
4.744702159845724 7.0
5.663196341444297 7.0
5.240252776984558 6.0
5.661942439523517 6.0
5.969531148792711 6.0
5.390158101891185 6.0
4.445301483248621 6.0
2.8877246112869615 5.0
5.43554464092454 5.0
5.164692613577404 5.0
4.380989944006286 5.0
5.631121508741376 5.0
5.980897906277499 6.0
4.619950577505137 6.0
5.461065743780345 6.0
5.322140603393368 6.0
4.135214349330795 6.0
4.112535914876976 5.0
2.7609259532945902 5.0
4.441827246278497 5.0
5.876610235263706 5.0
4.843558581880753 5.0
5.030799101071443 4.0
4.3915146985034195 4.0
5.969418397836438 4.0
5.23945629702776 4.0
5.149322148529573 4.0
3.391579198648288 5.0
3.3928575611406164 5.0
5.015521826755852 5.0
4.913671370106309 5.0
5.3622940635178855 5.0
5.981381218205715 6.0
5.4369631447906075 6.0
6.228595333912964 6.0
5.78448649057452 6.0
5.309867989434733 6.0
3.511876175565132 3.0
3.6211464888345586 3.0
6.130972998150776 3.0
6.136948468015382 3.0
5.349067619331032 3.0
4.4021396001140065 4.0
4.721556330252664 4.0
5.84888478878894 4.0
5.260727870753536 4.0
4.502746046990069 4.0
1.9340259080497575 3.0
3.023218228403118 3.0
4.144005833979793 3.0
2.1479879221803637 3.0
4.16420832563756 3.0
4.800594864549833 6.0
5.292550428163332 6.0
6.1682513117299695 6.0
6.339033488217408 6.0
5.146811705142992 6.0
3.767139026765045 5.0
6.183612877963719 5.0
4.97767627370026 5.0
4.5458241620499455 5.0
4.712163502753986 5.0
4.936465559511151 5.0
5.8782593595953 5.0
5.170983718991056 5.0
3.5762168618279393 5.0
5.5036338534210385 5.0
4.358185842116638 4.0
2.2841735707059345 4.0
4.358699485581764 4.0
2.8376179766490117 4.0
3.9120984102674723 4.0
5.316267161470285 4.0
5.1385567899387885 4.0
5.884076155320896 4.0
5.4441418031058 4.0
5.6841719267142015 4.0
4.97209874321738 6.0
4.132111005570924 6.0
3.0394904203000004 6.0
5.989815466912824 6.0
5.495550082779018 6.0
2.184241249212813 5.0
2.532662872579117 5.0
2.2184055623810552 5.0
3.078700292680498 5.0
4.516611627041514 5.0
5.633215276504134 7.0
3.4720075950245715 7.0
6.14742210880061 7.0
5.1228017374910655 7.0
4.680241568009077 7.0
6.519425940574313 6.0
3.9886804539292986 6.0
4.61186652716753 6.0
4.813520199637789 6.0
2.6259322457970975 6.0
3.7189249365580057 5.0
3.4448610742728576 5.0
3.6690349714008876 5.0
5.910117504299221 5.0
5.891360962788302 5.0
4.0349161929594555 4.0
4.003949790959438 4.0
4.4968177170103685 4.0
3.8816021349550205 4.0
4.811250784500242 4.0
1.6223647415562388 4.0
4.654935200526698 4.0
4.479606185594286 4.0
4.669228084108782 4.0
4.493215215471618 4.0
4.474356711911313 3.0
5.3279654915398345 3.0
4.26470231541826 3.0
5.689304623355633 3.0
3.9550484964739696 3.0
2.227472743021575 3.0
3.3778209517694964 3.0
3.9105991458931117 3.0
3.9353163370939197 3.0
3.312948767888086 3.0
6.494473266658836 6.0
5.857796028643864 6.0
5.273330715124547 6.0
4.843527674548514 6.0
5.0634495509627655 6.0
2.442209293603739 4.0
5.152801770607707 4.0
5.368387451728139 4.0
3.5913879882824027 4.0
4.660136676155551 4.0
3.934739524103898 4.0
2.489324475985142 4.0
4.904721994068196 4.0
4.843775729978344 4.0
5.742035374286892 4.0
4.13957190269967 3.0
3.6630728321737602 3.0
4.837800852836941 3.0
2.8742516300469574 3.0
5.663668932733414 3.0
4.753454838435553 5.0
3.620793502610861 5.0
6.459251670009653 5.0
4.321492934423969 5.0
4.7184887082224565 5.0
3.0836675675919105 1.0
2.857162335038615 1.0
3.3768525339104127 1.0
2.230005606795518 1.0
1.6073973217288462 1.0
3.616338901803396 6.0
5.099438193356712 6.0
5.739856585026982 6.0
5.370971240903616 6.0
5.771905127331475 6.0
3.1358050501966868 3.0
2.8462957535774795 3.0
2.97070617337749 3.0
4.031495147716572 3.0
3.0903718727033245 3.0
2.618309760564761 3.0
2.801858355498175 3.0
2.666930619752437 3.0
2.1421420974565453 3.0
2.455550347217948 3.0
4.105401088922316 3.0
4.6363425845349555 3.0
3.6736436180627385 3.0
4.57297405682223 3.0
1.6223609210648096 3.0
5.010697336387266 4.0
4.222914597163681 4.0
5.201782308366497 4.0
3.9926725074204557 4.0
5.713477385075385 4.0
4.40346164562169 5.0
5.331142136732443 5.0
5.429041104548313 5.0
5.295554241047364 5.0
4.827216708017457 5.0
3.045222276890157 4.0
4.566264059744215 4.0
2.8828885446075394 4.0
3.6376923054612647 4.0
1.363681058425922 4.0
3.157265713787436 4.0
2.954163696957512 4.0
1.886181593988862 4.0
3.2703545176088653 4.0
1.641517628989129 4.0
3.8201781920700055 6.0
3.3642894293150905 6.0
3.3569686305359205 6.0
4.776565546407374 6.0
6.161515908904232 6.0
4.882601902692475 6.0
5.479321521101739 6.0
5.048349590839979 6.0
5.225944213594001 6.0
5.031523568350863 6.0
0.9170614835355758 0.0
1.0493000910047565 0.0
0.48854200051518837 0.0
1.4218984797220169 0.0
0.7505955370504492 0.0
3.1485397114063463 1.0
2.8484100138242425 1.0
1.159851349497419 1.0
1.6633987694657213 1.0
1.3652344323789447 1.0
1.8007072719458201 0.0
1.8701844511211507 0.0
1.026701898224232 0.0
2.845923049464964 0.0
1.1550518456300378 0.0
2.3168040186393064 0.0
1.3597645128638731 0.0
0.5663062329936427 0.0
0.30933848927762747 0.0
1.2072362112875936 0.0
2.083723564445762 1.0
1.3512419330195413 1.0
0.8783225607318829 1.0
3.190772463969341 1.0
0.8529262985359124 1.0
2.4756190222829106 1.0
0.4205946824584837 1.0
3.1277103646958757 1.0
1.0804274528191908 1.0
3.5365866694247092 1.0
0.15083944758808548 0.0
1.9746882462139388 0.0
1.0717064479051646 0.0
0.1497148566039561 0.0
0.9526860633066367 0.0
2.3603481360011327 1.0
1.8830137832753218 1.0
1.6864074257977877 1.0
1.0765824322131856 1.0
1.4325485640949696 1.0
3.928812182095168 5.0
2.353688101824537 5.0
5.540948487164582 5.0
5.740667576888861 5.0
4.711247292138626 5.0
1.8993963818662887 3.0
2.62832866235828 3.0
3.5533250929377123 3.0
1.9261616544153708 3.0
1.7678344460873099 3.0
3.3060182623982417 2.0
1.1780234846869735 2.0
1.7072950107331084 2.0
1.588144497046824 2.0
2.575529266879654 2.0
3.3416995876875686 5.0
3.6734184243140913 5.0
5.220384016686048 5.0
5.5330581481441214 5.0
4.795922684692959 5.0
2.5379709765698144 2.0
2.7724292188829196 2.0
4.632868041295178 2.0
2.1054459731252684 2.0
3.1196315684116733 2.0
3.623523404668797 5.0
3.956565896725629 5.0
5.299373336313393 5.0
3.5400178999796834 5.0
4.538776679823064 5.0
3.0363965610646293 3.0
4.274857461391605 3.0
4.5314843925602135 3.0
1.7850495075382382 3.0
1.7322746259913395 3.0
2.575577828774345 3.0
1.2872339907656374 3.0
2.0054661629626187 3.0
1.9633709573749634 3.0
1.4148438593762707 3.0
1.410542566973229 3.0
2.438371702179096 3.0
4.67524445460842 3.0
1.505990406704421 3.0
2.4313197663378787 3.0
4.430609044381167 3.0
1.7269084727121218 3.0
3.9392593297209637 3.0
1.3607424152257361 3.0
2.845581700909432 3.0
2.3544554225461285 4.0
3.6678561254563142 4.0
3.5151050848225536 4.0
4.86244022103356 4.0
5.373301043853215 4.0
1.6558476297702795 4.0
3.407735634928414 4.0
5.183505516870905 4.0
5.994617611993541 4.0
2.6305283117849743 4.0
1.223462234884546 1.0
2.037238447438074 1.0
2.003920327581135 1.0
2.1514817059223206 1.0
2.3983285612398286 1.0
3.6785996219556027 3.0
2.9220773246476752 3.0
2.617194520876122 3.0
2.765130644216269 3.0
2.401540686789016 3.0
4.088955093324162 6.0
3.508721798582716 6.0
4.103823039735759 6.0
4.439293869009495 6.0
5.113886092586473 6.0
1.4745435888626357 2.0
1.378244826320166 2.0
0.8718079781421654 2.0
2.125587819102858 2.0
1.8690152957593158 2.0
3.1096927007539508 5.0
3.0387912358356064 5.0
3.053633934026842 5.0
4.652456360578481 5.0
3.9140729006857904 5.0
1.6905221505523387 2.0
1.8484423334162416 2.0
0.2392595289905433 2.0
1.6825233677314935 2.0
1.0404769724262297 2.0
4.553016534848774 5.0
3.7360745179078862 5.0
4.705968948675686 5.0
3.5952918300494585 5.0
4.037921369376688 5.0
1.0894922145218546 3.0
1.3182322585181745 3.0
1.2812388175175626 3.0
3.006470759589947 3.0
2.2323864324970524 3.0
2.934379364187256 2.0
2.0341869291144246 2.0
3.6690388499518196 2.0
2.895722582406552 2.0
3.7722278515209693 2.0
0.40718325964775204 2.0
1.4935924110333476 2.0
3.2095731235971248 2.0
4.007162563337892 2.0
3.041297085232687 2.0
2.1987393283109653 5.0
1.9445486992369745 5.0
3.415626168491666 5.0
2.992132683699946 5.0
4.756137247237881 5.0
4.553171782726865 5.0
4.889767842555378 5.0
4.824591157623188 5.0
5.326934660348468 5.0
5.517822931877521 5.0
4.362090093792589 3.0
4.867464394685403 3.0
2.119641814479993 3.0
3.428667530412469 3.0
3.052382484146942 3.0
3.991885171128691 3.0
4.324457795429974 3.0
3.983264884781866 3.0
3.855443294838107 3.0
3.730602440227536 4.0
4.163006216581752 4.0
4.9126226765181595 4.0
2.715820311579413 4.0
3.7756086430904636 4.0
3.0987379463191225 5.0
4.064812878006151 5.0
4.864322325016889 5.0
4.5996690353648235 5.0
3.499246561246457 5.0
4.605689412399605 5.0
4.654135412127439 5.0
4.9726703428064996 5.0
4.662482153597572 5.0
4.459164985978091 5.0
3.3320694265937356 3.0
5.906278710613424 3.0
4.519225238052134 3.0
5.670594438298849 3.0
6.256961970515677 3.0
2.2249905992691437 5.0
5.311678044061301 5.0
3.8380583142525206 5.0
5.9544482299926536 5.0
5.72010285634162 5.0
3.9660076407431317 5.0
5.469501712025072 5.0
4.238119003437342 5.0
4.952431256669149 5.0
6.062345297472664 5.0
3.657292440947436 6.0
4.392379303765875 6.0
5.624630482532267 6.0
6.102988863330822 6.0
5.258282042221181 6.0
3.4309161432291218 4.0
4.384650383453307 4.0
4.114910800235396 4.0
3.263201020217084 4.0
4.800199908039503 4.0
4.172205580072884 7.0
6.1980155274238555 7.0
5.813242921679349 7.0
6.183083043653196 7.0
6.3086962510947435 7.0
3.9494192540770894 4.0
3.585309023673706 4.0
4.9442624984434005 4.0
5.621835601838455 4.0
4.486075110482163 4.0
4.51866823457693 5.0
5.0093192152039725 5.0
6.372515824493833 5.0
5.860374650185434 5.0
5.632039295402299 5.0
4.355072503413678 4.0
4.23093138448449 4.0
2.677892337949093 4.0
4.4595831063134455 4.0
4.21120425680751 4.0
3.8284253742132606 4.0
3.0942086081759523 4.0
3.9794801405170115 4.0
4.1842625189501454 4.0
5.382180631297224 4.0
3.732660478427823 4.0
3.129329730601058 4.0
3.565743951331556 4.0
4.040709715156224 4.0
4.840734535660263 4.0
3.192534297933939 4.0
3.042253533701698 4.0
3.050845526375849 4.0
3.714794222237543 4.0
2.768296468236167 4.0
3.149528739182977 3.0
2.8099783385613777 3.0
1.0884462864948574 3.0
2.4327089874272856 3.0
2.619400735081645 3.0
3.194105160515993 4.0
3.069263258440101 4.0
4.256377335449474 4.0
4.258333944626619 4.0
4.551184004223155 4.0
4.0452690768886015 5.0
2.8930065054921528 5.0
4.9279594861500975 5.0
4.265572562031399 5.0
2.352065521173181 5.0
2.7517728748110146 6.0
2.457193509050027 6.0
4.912707175981021 6.0
4.726608673840624 6.0
3.0198723968955568 6.0
4.658683192837447 3.0
2.8575335016058743 3.0
3.9122714757098818 3.0
2.7931637613366407 3.0
3.7722373518382315 3.0
4.887225621395079 4.0
4.869225783890619 4.0
2.5747469938452197 4.0
4.018776748704485 4.0
3.8970021150754657 4.0
3.473567847253773 4.0
2.6121217500930927 4.0
3.4052167520481325 4.0
3.330252999469023 4.0
4.078244294980019 4.0
2.265683418269485 4.0
2.543920645761987 4.0
2.101397588534524 4.0
4.930566819037558 4.0
3.8037991067058066 3.0
3.862970303594335 3.0
5.087189449423253 3.0
3.6174730879458443 3.0
4.070576794503319 3.0
2.4798563243114464 4.0
3.055268643888544 4.0
3.3513834606006316 4.0
3.2381445882115085 4.0
3.2132283076461956 4.0
3.0174725572783747 4.0
1.9383244763418674 4.0
3.3038044076010356 4.0
3.768733196337164 4.0
4.75334987282882 4.0
3.0126157756394822 3.0
2.569355098179834 3.0
2.7898308567234724 3.0
4.396821044612225 3.0
3.5626556458758847 3.0
3.4973581656196573 2.0
2.396773021311111 2.0
2.1049569456330453 2.0
2.272141558672491 2.0
2.6775799949605097 2.0
3.823142635683838 3.0
2.4922377016953066 3.0
2.6783142013054495 3.0
2.5707443166128763 3.0
3.5825647302646955 3.0
3.5353560855077837 4.0
3.180617366357372 4.0
4.377683369070326 4.0
3.642813419211987 4.0
3.2902468219615106 4.0
3.126196581582327 3.0
3.677378713764596 3.0
4.097362931363793 3.0
3.451876647160838 3.0
4.338601116496516 3.0
4.028962092516482 5.0
3.9380658480829025 5.0
3.1954645597652407 5.0
4.1506561458735165 5.0
4.450544174043373 5.0
3.4165420549086805 4.0
3.5314871696381953 4.0
4.084112694593205 4.0
3.9975664222672043 4.0
2.457035177464181 4.0
3.410342788377036 4.0
4.150232755456804 4.0
1.2351599774169568 4.0
3.4244676787716806 4.0
4.429042714159237 4.0
4.482621449497974 4.0
2.694504662626698 4.0
2.715845207724114 4.0
4.893579817262947 4.0
4.657745800221805 4.0
2.814799621799841 5.0
3.350272089270248 5.0
3.005592404779859 5.0
3.696195424469808 5.0
3.4541229357082273 5.0
2.6626808526890233 0.0
2.3844629206615306 0.0
1.6367966373805076 0.0
2.6562608795698277 0.0
4.109006209819131 0.0
2.6635845781319243 2.0
4.884361658075402 2.0
3.6586890593754324 2.0
1.9353226074433691 2.0
2.9081555609588534 5.0
2.374446991415389 5.0
2.6351581467366434 5.0
2.7612116094450054 5.0
4.1503184099642745 5.0
3.4606234105133007 4.0
4.203666455219937 4.0
4.353862564874017 4.0
2.8072873361960142 4.0
2.9571960729578595 4.0
4.848995349777511 4.0
4.262715625411651 4.0
3.1935569020552625 4.0
3.9864885428929937 4.0
3.2329263643729536 4.0
3.364025423937272 3.0
3.1642323888639594 3.0
3.106342377821556 3.0
2.607521069974485 3.0
1.8267749099204562 3.0
4.337502842693643 4.0
4.548396781012389 4.0
4.433352029338077 4.0
5.160568350630152 4.0
3.734582894195815 4.0
3.4920334253625174 5.0
3.566923494682545 5.0
2.761247721538561 5.0
5.645936687000642 5.0
4.2359366996234815 5.0
2.4726484950062964 4.0
2.7271912749896376 4.0
3.3359545159926554 4.0
3.8671549633681646 4.0
1.038486843149268 4.0
3.200618618349533 3.0
3.054560688969898 3.0
3.0836399791506977 3.0
2.7231209352236143 3.0
1.976998515231771 3.0
3.3196857526973638 1.0
2.43599085626749 1.0
1.9840258105226807 1.0
1.7758802815048955 1.0
4.131880237813156 1.0
3.6256042824183314 5.0
5.653838359528434 5.0
5.5742947911401535 5.0
5.835528450393161 5.0
4.3180084152444 5.0
3.5878777566607174 6.0
3.470703180069079 6.0
4.097184431432202 6.0
4.535891534706182 6.0
4.799204831858482 6.0
3.8758942488409267 3.0
2.148824403168493 3.0
1.3014984630161623 3.0
4.706152408808094 3.0
3.6851899937980384 3.0
2.7862348393547194 2.0
2.317675020724521 2.0
3.2595185553900197 2.0
1.6111637734033442 2.0
2.649191126429661 2.0
3.7377083111936016 4.0
2.8141978961561787 4.0
5.116868952632869 4.0
2.967893856622835 4.0
3.4006670441240665 4.0
3.0373394728000207 4.0
2.595312133154528 4.0
4.428610154421425 4.0
2.1053835715724336 4.0
2.8965357187124976 4.0
2.942539946588473 2.0
2.518121820960888 2.0
3.0472778422643976 2.0
2.39987089890169 2.0
2.9380268539904395 2.0
1.949008799249564 3.0
2.6992736918033713 3.0
3.352656931108387 3.0
2.6714916131454896 3.0
3.6451697123664015 3.0
1.7547557121621604 2.0
1.7336985301472188 2.0
2.3617406711961735 2.0
2.5362545256020272 2.0
1.5776188167878882 2.0
3.8991489780956052 3.0
3.9365760446628 3.0
1.5868304523692323 3.0
4.595728954663319 3.0
4.2927151179523575 3.0
3.4119324727139295 2.0
2.7982628514520513 2.0
1.9065539209613473 2.0
1.2748506015096654 2.0
2.4676131233236105 2.0
2.136425904297957 3.0
1.840353239001781 3.0
3.240384772248271 3.0
4.907414850779593 3.0
3.6116670243713758 3.0
2.701256653159116 1.0
1.83280995504673 1.0
1.2717356472270152 1.0
1.6969455453722186 1.0
0.808854391561881 1.0
2.7046386636956146 3.0
4.068554397045846 3.0
2.998547846885965 3.0
1.4596057084170664 3.0
3.558242568978697 3.0
3.9845684200019975 2.0
3.556856500841528 2.0
3.2926147036256252 2.0
1.215962299558265 2.0
3.248994592537426 2.0
2.947266315775229 1.0
2.0931137537558935 1.0
1.7628442578059509 1.0
2.8615676392385287 1.0
3.0282771129426598 1.0
2.0864805073340666 1.0
1.358558563028884 1.0
1.129452967863715 1.0
2.708066921756675 1.0
1.2301509138830038 1.0
2.2341380120638754 3.0
2.952374606494644 3.0
2.331018252640542 3.0
2.2095806324276563 3.0
4.939766132475256 3.0
2.395253222431726 3.0
3.379221360847982 3.0
1.9746144504699858 3.0
2.0289528491898383 3.0
3.083953020215484 3.0
2.1326736892057934 2.0
1.6227702992104425 2.0
2.323094828493371 2.0
0.9880284646228875 2.0
1.7043919415275939 2.0
2.585798364626818 4.0
1.147493300189319 4.0
2.232338990872099 4.0
2.4328116409060825 4.0
2.3093178167447497 4.0
2.8850387543434355 4.0
4.507404591563485 4.0
3.399633495174552 4.0
2.6575917513817116 4.0
3.502432719812929 4.0
2.7521810918906957 3.0
1.578765050412196 3.0
2.2869820987794522 3.0
3.185082759145755 3.0
1.968804022665634 3.0
2.6922205362140077 2.0
2.1425395170322363 2.0
1.2016502961313795 2.0
1.8542426285510103 2.0
1.3807574251366836 2.0
3.134826084339027 4.0
3.781634970611025 4.0
3.0683906756167065 4.0
3.2505467537868493 4.0
3.717382252929163 4.0
3.394873869794636 4.0
2.446837824311203 4.0
3.4276474852147576 4.0
3.990785720024354 4.0
1.9547476583742343 4.0
2.050352113259738 2.0
1.8473424601975894 2.0
2.276846460023045 2.0
1.3699771251053734 2.0
1.4354053548674555 2.0
3.345289600054558 1.0
2.866669898435208 1.0
1.956550773188577 1.0
2.3413956010856634 1.0
2.177841800938911 1.0
2.351551650901418 4.0
4.196757634139328 4.0
5.203442035694087 4.0
5.230820811692386 4.0
5.140401982990893 4.0
5.757426026931924 6.0
3.2208659236582986 6.0
5.558746910499567 6.0
5.196984384886777 6.0
5.143005630887185 6.0
3.535103785861095 4.0
6.2861030800915465 4.0
5.4957857413618765 4.0
5.067897962383599 4.0
3.8184189673436655 4.0
3.336678785152404 2.0
1.8551306601879927 2.0
1.6459895330117325 2.0
2.6443026274152253 2.0
1.8649380658656418 2.0
-0.09636904939877258 0.0
0.9181101617544328 0.0
0.3716211333547922 0.0
0.9418762453112282 0.0
1.497562361914968 0.0
3.8014488841641816 0.0
1.9606026567890682 0.0
1.5666335182925935 0.0
2.381829510342659 0.0
1.5900217218544468 0.0
1.6518541274948166 3.0
1.2065997213060962 3.0
1.7813344573352474 3.0
1.2387427180799584 3.0
1.8449370778267071 3.0
2.493436019993544 1.0
1.0011651810412712 1.0
2.9487443563777815 1.0
2.138855944027678 1.0
1.5629547814902605 1.0
1.6275460448786916 2.0
2.5155085652435547 2.0
1.2746921588700888 2.0
1.31337822672173 2.0
1.6195241322818517 2.0
0.6667638676601696 3.0
1.8273448479783732 3.0
0.6256103709959602 3.0
1.927595724470998 3.0
1.0665991093194032 3.0
1.8150995473361142 3.0
2.309842352760981 3.0
2.0992604882671606 3.0
1.327024352015909 3.0
2.1551558781798934 3.0
3.412778342995163 2.0
2.5292360814723858 2.0
2.8471177525024953 2.0
1.9569158963477633 2.0
2.002471130158564 2.0