3.7017647483377054 4.0
4.160365900223791 4.0
3.1174073777059963 4.0
4.040930999888587 4.0
2.3378774000116262 1.0
2.6318320104676296 1.0
3.2142980838529436 4.0
4.366580925917277 4.0
4.155393438124228 4.0
3.913059204490027 4.0
3.641956793528138 4.0
3.2807360217748442 4.0
4.089798899421166 4.0
3.179157986422563 3.0
2.758627488496872 3.0
3.7887906777197777 3.0
1.7225123956969162 0.0
2.535778637701223 1.0
3.6712051610178973 4.0
2.361377909409285 4.0
4.216482912524306 4.0
1.851695349925225 2.0
2.9275863734273244 3.0
2.5533244614232 3.0
2.8213064902275145 3.0
2.0277669912982894 0.0
2.9763205563121566 3.0
2.3570948233789535 3.0
2.4389395121530457 3.0
3.0404342250122935 2.0
2.6074092253921277 1.0
2.719686929327316 4.0
1.1581060404237302 2.0
4.199754390206205 4.0
3.2292098401484157 3.0
3.8293375609604716 4.0
2.5752137460671793 3.0
1.2441576416041245 1.0
3.6327880465939435 4.0
3.5099088278855843 2.0
2.0577486536184386 1.0
3.8979616116471902 4.0
4.301415730914329 4.0
2.745203827988023 4.0
2.3141156865945787 1.0
3.384232734481457 4.0
2.5271718586316814 1.0
2.624801651558789 3.0
3.5454907159330036 4.0
4.359388854255332 4.0
2.0510348117855943 0.0
3.7185186746228176 4.0
3.6155592031029284 4.0
3.851779739848853 3.0
2.709151510392908 4.0
3.477916981603549 3.0
2.337224096047283 0.0
3.450279370033849 4.0
2.4479185167374125 4.0
3.036308534186129 4.0
1.7406549928299722 1.0
3.5948214164635424 4.0
3.9366600929565116 4.0
3.2330728882726243 2.0
1.9366101531245614 0.0
3.721632162390634 4.0
4.221485848147599 4.0
4.127135004136835 4.0
2.619081734363795 3.0
2.4797693182663316 4.0
2.3912181002461628 4.0
4.154854515287125 3.0
2.138640130688585 0.0
3.1811453956934965 4.0
3.922402166968565 4.0
2.733165505764017 3.0
3.3768714511332387 3.0
4.002364124382728 4.0
1.4427774708889785 2.0
2.941224625933553 3.0
4.079073418426966 4.0
3.5769450694842373 4.0
1.3915625314128057 0.0
1.4192543132122672 1.0
1.9443917153670114 3.0
2.049876569529304 1.0
1.8835597015147445 2.0
4.052289099339235 4.0
3.6335772340250854 4.0
3.2229324612618813 3.0
3.02976229667751 4.0
2.854808681941676 3.0
2.701362486531833 3.0
2.704574331666989 4.0
3.258374731318413 3.0
3.5863372200659143 4.0
3.3296572511693068 3.0
4.036066596228197 4.0
2.491412344913358 3.0
2.1699523889430723 0.0
3.9078998880337448 4.0
3.0524731851118823 3.0
3.2612772773540044 4.0
3.234933202557124 3.0
3.0015706613592137 3.0
1.9430044536069264 0.0
3.970750408101474 4.0
3.8215745482478036 4.0
3.880212849046484 4.0
3.444793862951469 4.0
3.2402901886679496 4.0
3.6420728150835195 4.0
2.7223365903050407 3.0
3.4213782670420976 4.0
0.706667956832872 1.0
2.0241712928141493 0.0
3.810778386993766 4.0
4.089726422445229 4.0
3.8611424799090814 4.0
2.240304263678496 0.0
3.1773115359228052 3.0
3.426155103982526 4.0
4.346727715329747 4.0
2.4665849536270326 1.0
3.783525786241996 4.0
3.4788566880991203 4.0
2.99007604579207 4.0
3.4208967813510283 4.0
2.383286137032525 3.0
1.7425251356143523 2.0
1.4155321402438448 3.0
2.844347812596472 4.0
3.851544083294831 4.0
3.4589259972438704 4.0
3.3822119302464477 4.0
2.8907468498788074 3.0
3.703606997670814 4.0
2.7886598474397823 2.0
2.486911132563632 2.0
4.080742221729676 4.0
1.6921297385822047 0.0
2.7120164750708486 1.0
3.42129796761587 4.0
2.585792363134904 3.0
3.4776487291723788 3.0
2.7946403543659777 4.0
4.125583093666318 4.0
3.149507839700555 4.0
3.122974409923332 3.0
3.5055761468350912 4.0
3.0763477057364375 2.0
3.0059976344328376 3.0
4.27987203095421 4.0
1.5264590642124323 0.0
3.416838688649781 4.0
2.653924573219319 4.0
3.9044111588864023 4.0
3.871048006468598 4.0
3.660189055995187 4.0
2.9790524074638007 3.0
2.8718801444029065 4.0
3.3421813324930723 3.0
3.931722630008861 4.0
2.4511205017090676 1.0
3.4655890176236044 4.0
3.444264805022647 4.0
4.057861551294699 4.0
2.7190386527635617 2.0
3.600476067465081 4.0
3.8305068691170785 4.0
2.150248439718216 1.0
3.1405181715587442 2.0
3.7778400866316018 4.0
3.9507960844406504 3.0
4.007471152480647 4.0
2.536301190950497 4.0
2.953840131734892 2.0
3.6226228783465846 4.0
1.3474112627793482 0.0
2.7114576944121875 4.0
3.5492948154033215 3.0
1.5020502083182565 0.0
4.015462177681884 4.0
2.04988706391874 1.0
3.8376503756099254 4.0
3.4034161525286972 4.0
1.1812672141160037 1.0
1.9702093127981457 1.0
3.3146281952863443 4.0
2.6007836511736677 4.0
4.091923680789059 4.0
4.020514071466632 4.0
1.9794169956994478 0.0
3.8356637282494352 4.0
3.141048152258546 3.0
0.5539900488003986 1.0
2.037835972352922 2.0
4.120549396002999 4.0
3.5440466476269776 4.0
3.5192999308273727 4.0
3.277281200263939 4.0
3.66598554954897 4.0
2.7916167667589917 4.0
2.169937284875118 4.0
2.8066230034719863 3.0
3.300556437735775 4.0
3.5275571580283174 4.0
2.6755547482944086 1.0
3.7935724344352106 4.0
1.9816677791370934 3.0
2.7008449329001696 3.0
3.373372495325043 4.0
2.2549628052932045 3.0
3.691364993599503 4.0
3.9003230812286818 4.0
3.1812453207927387 4.0
4.2016451286155245 4.0
3.1013041400865653 3.0
2.1569144132319336 0.0
2.2024230532336375 1.0
3.5300339711152944 3.0
1.469723209634196 0.0
4.0457508335745835 4.0
3.7200591224417057 3.0
-0.6924978203320191 0.0
3.298686989366921 4.0
4.318582195494843 4.0
3.6342751886600464 4.0
2.5939797603698143 2.0
2.976256158038338 4.0
0.7062252368402575 0.0
3.5227347763605037 4.0
3.4328215201732197 0.0
3.7319777457256755 4.0
2.2193636346907786 0.0
2.120997191260877 4.0
2.792652909387586 4.0
3.506836078253534 4.0
3.323175699774831 4.0
3.9501831874034252 4.0
3.8008551976681835 4.0
3.492466893456781 4.0
3.7766679211516063 4.0
3.3470986099604856 3.0
2.191469843193399 2.0
3.899161320778414 4.0
3.860665826395439 4.0
2.2839675174409573 3.0
2.7336623192577987 3.0
3.200750551258131 4.0
3.169316442615983 3.0
3.0001831466681725 4.0
3.1572481965496078 4.0
1.0815905269254547 4.0
3.3692296752917636 4.0
1.841648758186465 1.0
3.4886759282352964 4.0
2.8984740744478223 4.0
2.096520507003078 2.0
3.0778857453373005 4.0
-0.063146158809539 0.0
3.248080120276664 3.0
3.889318098379751 4.0
3.4737131309298332 4.0
2.341642482104387 0.0
4.151259579205266 4.0
2.8172593605984533 4.0
2.873584206526928 4.0
3.227427250344765 3.0
3.528438761615618 4.0
4.457417566047947 4.0
2.630156523233631 3.0
2.8305512763662843 4.0
3.9735228909253006 4.0
3.7014650623083805 4.0
3.971759053805399 4.0
2.011734222671268 1.0
2.593415234247071 4.0
4.193582720679929 4.0
1.3878766515700218 0.0
3.607644817395065 4.0
2.656842361723708 4.0
1.5775026224407585 0.0
3.4796360152882 4.0
2.9982866623458317 3.0
2.2009027549426516 3.0
3.750697884079753 4.0
3.741663480340799 4.0
4.286937634727871 4.0
3.720693857612604 4.0
2.357012384034685 4.0
3.7888194933916477 4.0
3.8907444548582273 4.0
4.05043150160248 4.0
4.132166370394318 4.0
3.328403145327635 4.0
3.228414880222905 3.0
4.328293562391442 4.0
2.2336692148874153 4.0
4.047560174342809 4.0
3.976622979423527 4.0
3.875481037199867 4.0
3.0939782242089136 3.0
2.7169132004142584 1.0
3.7968067507265006 4.0
3.250566860653689 4.0
2.6983757604553027 4.0
3.9293831866017346 4.0
3.874642040662301 3.0
2.5700108363690335 0.0
1.4234254339722066 1.0
4.011185598043534 4.0
3.4924624131279494 4.0
3.4267965767170336 4.0
4.294866847285122 4.0
3.493284562030639 3.0
3.5819813504384133 4.0
3.614612815613821 4.0
1.8155249251477263 0.0
4.0648859851387105 4.0
4.038723846058572 4.0
4.172713976340599 4.0
2.255592162269827 1.0
3.9588185337213107 4.0
4.138240968710726 4.0
2.1072995921243316 3.0
4.104613935212648 4.0
3.3470015555257113 4.0
3.2025212164381482 3.0
1.7100460060523375 1.0
2.249038574438389 1.0
2.4048604912407328 2.0
3.566374109476601 4.0
3.8130403575387737 3.0
3.944744313789461 4.0
0.6465707580040903 0.0
4.292498977853262 4.0
3.472379349466209 4.0
1.274935299273285 0.0
1.8813168862173821 3.0
4.175668771037654 4.0
3.6551150678110567 3.0
3.7403874701847233 4.0
2.0983885886641565 2.0
4.186610815090071 4.0
2.3582068070961357 1.0
2.5838418451719036 3.0
2.3827419417475566 3.0
2.983504819677492 3.0
1.5507656698972285 1.0
4.4635590009654456 4.0
2.7399082716954384 4.0
3.5959902039749387 4.0
3.19242447775527 4.0
3.1916191732692925 4.0
1.2307005458398157 0.0
4.343440137563835 4.0
2.5905976417328027 1.0
3.3269625714808715 4.0
3.547741399268376 4.0
3.28567767980478 4.0
3.5850752799621493 3.0
1.7140331101422652 2.0
4.041449631780527 4.0
4.431002409729437 4.0
3.3848069505238856 4.0
3.6009514814880603 4.0
4.194813075934839 4.0
3.234178823527577 4.0
2.6795697694073572 3.0
3.0722283328816022 4.0
2.408854727907486 2.0
3.4029979996589823 3.0
3.4827233110299574 4.0
4.264025507338806 3.0
3.2138560347069403 4.0
3.877988173405411 4.0
3.7219680025318134 3.0
2.218963632609646 2.0
3.227245514707513 4.0
3.6741401657305497 4.0
4.440352562263525 4.0
2.2116124862008038 2.0
2.586439822303186 4.0
3.484972204723392 4.0
2.738106019900676 3.0
1.3299467882691913 1.0
3.315620339428306 4.0
3.350130333321144 4.0
3.6917128483040216 4.0
3.274049906873766 3.0
2.313113897559152 3.0
3.4610154562364697 4.0
3.0742144309357844 4.0
2.4074610319379284 4.0
3.4283754337841748 4.0
3.1534684564344504 4.0
2.4794030380504886 3.0
3.778860338276921 4.0
3.7473486483043645 4.0
2.8714078948214894 3.0
3.323352282607753 4.0
3.025887691609179 4.0
3.572479480022455 3.0
0.8149135292951248 1.0
1.3555722695657417 3.0
3.0265700383025402 2.0
3.1527963338126765 2.0
4.468311535543487 4.0
1.0677074523369723 1.0
3.4656585048800466 4.0
3.406741296017298 4.0
3.0587025395533676 3.0
3.986736167479715 4.0
2.0584966312890676 4.0
3.6514749381786 4.0
2.52042157624897 1.0
3.7120335949958267 4.0
2.5857049624044928 0.0
3.8576509112165898 4.0
3.685418444020467 3.0
3.411041583171648 4.0
2.786648481827652 4.0
2.708061148099552 2.0
3.883484937075358 3.0
1.4963137168966134 1.0
1.7761994338969576 0.0
3.1745301850754064 4.0
3.4062600270041177 3.0
0.2619114651907881 0.0
3.390317184649181 4.0
3.288258283127716 4.0
2.9791984354397307 4.0
4.212137421600652 4.0
2.759108403281962 4.0
0.5302389757892878 0.0
3.8669346500462556 4.0
3.911603282121643 4.0
3.352759502661973 3.0
2.211278914536023 1.0
3.7815936490543827 4.0
3.971083961149141 4.0
4.112020933397098 4.0
4.422879664655151 4.0
3.461258324201431 4.0
2.9313456041398593 3.0
1.6744232793951843 3.0
1.9342600627816982 3.0
2.1998127713844973 1.0
3.2712352194692134 3.0
4.370262114026422 4.0
2.929531589010332 4.0
4.005550392407104 4.0
3.8107128260843144 4.0
3.3460844764846724 3.0
4.043672135372041 4.0
2.6806460569093806 1.0
3.950158399153726 4.0
3.8544463519326646 4.0
3.6603080081101718 4.0
3.2334687570615124 4.0
3.4221655947461826 4.0
3.423540594160838 4.0
1.8242983364725016 3.0
3.4366994159964186 3.0
3.2129480982540812 4.0
2.367767711812049 3.0
3.5430400917249827 4.0
1.8331225318294297 4.0
3.997633278732817 4.0
3.453402948956527 4.0
3.5335195160509407 4.0
3.4292133015740456 4.0
4.5035211421756856 4.0
2.4177172291819558 3.0
4.049542781788006 4.0
3.264772018587438 4.0
3.2192669663244047 4.0
1.7928149357302892 0.0
2.8013679206058475 4.0
3.1764589437825004 4.0
2.7201907755977377 3.0
2.401183233431242 2.0
4.248972701870442 4.0
3.8697112382060537 4.0
4.309133201590907 4.0
3.2756230372224513 3.0
3.350348140244451 4.0
3.07704669315767 4.0
3.3096603269106906 3.0
4.297168928989435 4.0
1.3776261264948841 0.0
3.7727118794051497 2.0
2.7126281096772757 0.0
3.7599341438829317 4.0
3.843013391511696 4.0
1.6597110540430027 2.0
2.1948386000396694 4.0
3.1560444299285884 3.0
2.788382834661329 1.0
3.7732470714641053 4.0
2.426353685855041 4.0
3.5498143520371315 4.0
3.7267391919788 4.0
4.134581990937752 4.0
3.727248916890442 4.0
3.555475931868097 4.0
3.6769668175108485 3.0
2.859238800137488 1.0
2.8153149859643127 2.0
2.8861693148565175 4.0
2.138863933542143 2.0
3.5997672752001115 2.0
3.0998905038433326 4.0
2.7805828091349483 2.0
1.4393024737895685 2.0
3.952840257464124 4.0
3.9397503633123456 4.0
3.429144252613802 4.0
2.8913034297379614 3.0
3.721705355879382 3.0
2.5064813725084134 3.0
3.4715101859703372 3.0
2.4296100787853785 2.0
2.2245908454096703 3.0
4.305613120457771 4.0
2.4952846468970113 0.0
4.0176404684854115 4.0
2.860329262975844 4.0
2.369830800709045 3.0
3.055155207912793 4.0
4.2240898112946255 4.0
2.4380793595435755 4.0
2.1344641272153444 1.0
3.5056177297805178 4.0
3.380736946528204 4.0
1.244878894890578 4.0
3.9477800737615008 4.0
2.263123458612432 1.0
3.549833580259522 3.0
3.2895353709868775 4.0
3.9366564618902995 4.0
4.167466795088557 4.0
3.250750184306301 3.0
4.146009347873944 4.0
3.817503265931215 3.0
4.21093773142558 4.0
3.877122588278816 4.0
3.001654575085708 3.0
0.9187555073422407 1.0
4.318221559600832 4.0
4.279504096820162 4.0
2.3065689221864254 3.0
3.894447661666236 3.0
4.283293111801059 4.0
2.6953028191127997 2.0
3.3082058755131394 4.0
2.4796886962722384 4.0
4.0256023788629625 4.0
3.2780908105926594 4.0
1.9836069832277472 2.0
4.191848672010844 4.0
3.9652772584316356 4.0
4.044854539787399 4.0
3.3140645182352495 4.0
1.55575750686224 2.0
2.4029366247045534 3.0
2.2315170358563394 1.0
2.403818234657084 3.0
3.543333908397594 4.0
1.7950443260776914 3.0
1.7595626137543432 3.0
3.470821637516745 4.0
1.57940450980165 0.0
2.4772652112600975 3.0
3.262128141002316 3.0
1.6140181265665206 1.0
3.3529956024061995 4.0
3.8259612968062813 4.0
3.1924386655376598 4.0
4.081072782781629 4.0
2.467729075200613 3.0
4.320245290551925 4.0
2.2517144510737443 3.0
2.620996310497249 4.0
2.1870961620040936 2.0
3.787237891772609 4.0
4.273293125758821 4.0
0.3067934956257452 0.0
2.683599864610912 3.0
3.9104732870773313 4.0
2.8288367703176913 3.0
1.7685146437622592 1.0
3.75163594407549 4.0
1.9415065584064588 1.0
3.498437220189321 3.0
2.4790099571359834 1.0
3.4835104627056674 4.0
2.0201704990718974 1.0
4.550695079400142 4.0
2.5367627518483697 2.0
1.9260638657230542 2.0
2.937631633063992 3.0
3.752141557147172 4.0
3.3688208322260174 3.0
2.460155572884444 3.0
2.3348389213153036 3.0
2.8390474008786324 3.0
2.8776192877618074 4.0
2.7873951640758055 4.0
1.2603092449922708 2.0
3.26676398803224 4.0
1.988490308557326 3.0
4.257077813636608 4.0
3.7445631431941777 4.0
2.5835307895510766 3.0
3.628232333196646 3.0
2.1458463494705846 3.0
1.7321726528347758 0.0
3.191247296087327 4.0
3.962402135097798 4.0
2.652387118340652 3.0
3.547411017686956 4.0
1.9360044440829438 2.0
0.04646527158017988 0.0
3.608616556792449 4.0
3.0677595950896652 3.0
4.4863808145244 4.0
3.086243698537351 4.0
3.6848353372498703 3.0
2.9140683573259816 3.0
2.791583885533078 1.0
2.0538003371683997 3.0
3.634400635954739 4.0
3.3768707845909187 4.0
1.9058047861367986 1.0
2.2409270185022816 3.0
3.8423119795133385 4.0
3.2524580428985477 3.0
1.8947593950804107 2.0
2.1914735724565837 0.0
3.2175760570008185 4.0
3.9191921877289353 4.0
3.325033721092912 4.0
3.3551085812610273 4.0
3.4567700482153283 4.0
3.9304900473594655 3.0
2.705366781695618 2.0
4.172428961552938 4.0
3.3002408350475587 4.0
2.6340195320318482 3.0
1.141407059611835 2.0
3.73926283140376 4.0
1.1057370233335475 0.0
4.105612543968906 3.0
4.240897231716571 4.0
4.498659580361898 4.0
2.1630996456691287 1.0
3.7405576288029554 4.0
3.3830990480456196 4.0
3.803005853881591 4.0
2.695945824007918 4.0
2.2875363356856697 3.0
3.2218594181097524 3.0
1.1949340006244293 2.0
4.32840074217301 4.0
2.64181528197291 2.0
4.021522403919873 4.0
4.170462886523184 4.0
3.9073835501362044 4.0
2.3567606002072745 4.0
2.320988539456378 3.0
4.321011903562639 4.0
2.9715390892096396 1.0
2.3554610666746774 0.0
2.093661754214542 2.0
4.149900970303515 4.0
3.9063589397694978 3.0
2.6610131760550084 4.0
2.13968856648402 1.0
1.3242403091296833 2.0
2.163199544581998 0.0
4.067025128491379 4.0
4.123881993103416 4.0
3.1252343374507596 2.0
4.05378658683018 4.0
3.8015177183153037 4.0
3.79161048636586 4.0
3.106569975369281 4.0
3.8853193122877867 4.0
3.0227893840735556 3.0
3.2249745639591545 4.0
3.011671972161084 4.0
3.3551744177956806 4.0
1.615523458650638 4.0
3.0456784116614415 3.0
4.2160954159883985 4.0
2.1624890261250593 3.0
2.838151405490681 3.0
3.326636997212889 4.0
1.8861043132569622 0.0
2.4719837010891297 3.0
2.0828300025954847 2.0
3.3225828568788973 3.0
4.4824930916075525 4.0
3.007696784145373 4.0
2.058493399649851 1.0
4.504551832728895 4.0
3.6797790736290175 3.0
2.657756819392434 4.0
1.9919149155307028 0.0
4.327012697110999 4.0
3.9856238106648316 4.0
3.445208527949819 4.0
2.7530950592397705 1.0
3.541244756279978 4.0
3.113370727284236 4.0
4.231833307841269 4.0
3.4743828446086233 3.0
3.0024720809012475 3.0
3.2333308806418035 3.0
3.293666652550562 4.0
4.137020286658626 4.0
2.688414382476929 2.0
1.1979429885783475 0.0
3.7520968299026514 4.0
3.4513315712119965 4.0
4.334272491326491 4.0
3.313708013456396 3.0
4.296903480063261 4.0
3.6283963695812993 3.0
3.9998688063634775 4.0
3.4199121409816406 2.0
2.059427310312949 1.0
4.0731224669113075 4.0
2.279950130675746 2.0
2.1464581528854945 0.0
1.840227836432624 3.0
3.604999451567247 4.0
2.955467100770231 3.0
3.342067969736908 4.0
2.4531636290291647 2.0
1.4841001885754475 0.0
3.7958273436388312 4.0
2.440309765756841 1.0
4.3547701718268135 4.0
2.9503894766932985 3.0
0.6783544718163714 2.0
3.5421612901276553 4.0
3.8383517456404803 3.0
4.022818595894611 4.0
4.481849096585452 4.0
3.2031297572392354 3.0
2.3523673678921613 4.0
3.1823223082736396 4.0
2.9841169225928352 3.0
3.7754161827265724 4.0
1.5789749946542182 1.0
2.3084138035807014 2.0
3.010021014766706 2.0
3.5579463691675306 3.0
2.836088150932129 4.0
3.7324379494900093 4.0
3.7355172343716365 4.0
3.4418703680896092 4.0
2.6901460151836245 0.0
2.41347093155204 0.0
3.931239370395037 4.0
2.272699423962667 0.0
3.574171521495092 4.0
3.054627494418259 3.0
4.288795508493811 4.0
4.033255359260477 4.0
3.749385919150777 3.0
4.383533272714793 4.0
3.9233180257364273 4.0
3.46960121938504 3.0
3.1355914626560306 4.0
3.461019998039183 4.0
3.1703154345215863 3.0
2.338004573279787 1.0
2.820271932236021 4.0
3.591414953666428 3.0
0.378988342995203 3.0
3.9456093422731993 4.0
3.07780679871587 4.0
2.6662153091823146 2.0
3.2083922747967115 4.0
3.7095489840222706 4.0
2.5438200535613866 1.0
1.6097236086700928 1.0
4.190181122944985 4.0
2.5486091431351605 3.0
3.0837550898572124 4.0
3.836083631038834 4.0
1.7256426127501805 1.0
2.2599858807829882 4.0
2.5062949564951076 4.0
2.5171499376735156 2.0
2.7501641866438673 4.0
2.717495911052586 3.0
2.5574719474317176 2.0
3.0268196829102445 3.0
1.5338181921749952 3.0
3.0315871353038943 3.0
2.1141251447802385 0.0
1.888684830807216 2.0
3.2281923980732525 4.0
2.5513009555560604 4.0
2.8835105657115756 3.0
4.3281109938460105 4.0
1.9231929030792165 3.0
3.814166189658245 4.0
2.237887621730425 1.0
4.0896674993743005 4.0
2.037615230807136 0.0
2.9474670130570306 3.0
2.3722219560520283 1.0
3.402432587414922 3.0
3.1398537448307184 3.0
2.160448433776435 3.0
3.1310310128113787 4.0
1.8715322631684863 0.0
1.7667284836693753 1.0
3.028983397062432 4.0
0.40781420775990673 0.0
2.098646137339403 3.0
3.016896236961072 4.0
2.1883771643171874 2.0
1.9598115581975217 3.0
4.143402211779176 4.0
4.196137638772999 4.0
2.420010150200201 0.0
1.4670844018308977 1.0
3.6481828445942943 4.0
3.3848168691852507 4.0
2.934156332320132 3.0
3.8176755753296847 4.0
4.033372188747656 4.0
3.64037132567291 4.0
3.3671970963023217 3.0
2.981916212122335 4.0
2.133596715610645 0.0
4.290320393195224 4.0
3.9240118683165957 4.0
2.420841658489892 3.0
1.7235238775096042 1.0
3.4512580469157292 4.0
1.6617415171578918 1.0
3.950178885493525 4.0
4.306838629761028 4.0
1.6372397534792635 1.0
2.7799398183205977 2.0
3.500642792237449 4.0
2.164870234247936 4.0
3.4936576731020432 4.0
2.0714455992323693 3.0
3.3544062683101474 3.0
3.4851266855639427 4.0
3.910447305290237 4.0
2.6927810800732574 1.0
1.66631280050047 0.0
3.3033037325243857 4.0
2.8129297590067166 3.0
1.4593908001630336 1.0
2.664766825371684 4.0
3.734345692951595 3.0
4.143804758764314 4.0
2.943449712597088 2.0
2.1121214376574375 0.0
4.230643198738012 4.0
2.0374533703719755 3.0
2.8518859517205177 4.0
3.051625042481426 4.0
2.103101956740586 2.0
3.4721426510821845 3.0
3.2226276305094013 4.0
3.978526434789578 4.0
3.5679222218962234 4.0
4.20760671312652 4.0
3.5870018212252894 3.0
2.0691485331709267 0.0
3.3961629368719466 4.0
3.3310406492770603 4.0
3.354381612394188 3.0
2.0215384501917746 2.0
3.9958842301554833 4.0
1.986166253918578 2.0
3.0410694934307623 3.0
3.2896897938969083 2.0
2.298612863501617 1.0
3.7412858678211514 4.0
4.012470518476932 3.0
3.8624216432550904 4.0
3.953326615626697 4.0
3.9158260409960066 3.0
3.4957549540430986 4.0
4.192332368694312 4.0
3.281718222184823 4.0
3.627144792065156 3.0
3.0932689596981344 4.0
3.7328319519121065 3.0
3.405122995289724 4.0
3.097229872029711 4.0
2.4225639816994686 3.0
2.977569306296048 4.0
3.1105233263449703 4.0
2.3088140736306544 3.0
1.8447036630515599 1.0
-0.017363159007325102 1.0
3.033192011388463 3.0
2.303914567939003 3.0
4.332876660762754 4.0
4.075887262637921 4.0
2.644198209747543 2.0
4.251689797123086 4.0
3.1804355787610072 4.0
3.945273196266294 3.0
2.536986162184532 1.0
2.9963044438400077 2.0
3.9910935622645844 4.0
2.218280238060986 2.0
1.8729731871114983 1.0
3.300077284622761 4.0
4.304304252539208 4.0
1.7539346101966888 1.0
3.2056215407736106 3.0
2.2195531350813127 4.0
1.9130942357773146 4.0
2.6608908468393366 2.0
3.264216602867773 3.0
3.004285035374731 4.0
3.950263070985555 3.0
2.2948729839601487 0.0
3.8663298932218577 4.0
3.3731741442341736 4.0
2.628255609256298 2.0
3.585243140749511 3.0
3.4422512703099155 4.0
3.8203760718565487 4.0
4.5680354950398305 4.0
3.328466226353349 4.0
1.8869837004661987 2.0
1.8030184172766504 1.0
1.2232461389792588 1.0
2.341132990256942 4.0
2.3199135558006656 2.0
3.107631919058515 2.0
3.536164460167522 4.0
3.698625574839875 3.0
1.401932947020585 1.0
2.795910215787834 3.0
2.621711316850446 3.0
2.0001708507507647 4.0
1.5668810841340406 0.0
3.491052031718046 4.0
3.9215294794312676 4.0
3.6184816304267207 4.0
4.128017620069171 3.0
3.043794835657679 3.0
3.7007253169635677 4.0
0.8133797462834802 1.0
1.162189112883488 1.0
1.8367776047248352 0.0
2.2062321559161147 0.0
3.7259057876489674 4.0
1.889854373693319 0.0
3.655835525743141 4.0
3.106483281131651 2.0
1.7536275766964842 1.0
3.188546807987195 4.0
4.270476595039031 4.0
2.068985231973279 3.0
2.7841980342246204 4.0
2.1263580616223274 3.0
3.1103219572519025 3.0
2.0639583514743705 1.0
1.9652262823248887 1.0
4.004382782026942 4.0
3.623752921693299 4.0
1.9165795864790383 1.0
2.8635790327623027 2.0
3.084777819095784 3.0
3.4881231187896438 4.0
3.344376399431356 4.0
1.8389100932240678 1.0
3.940677372096559 4.0
3.4155094489581 4.0
2.057065828145895 4.0
2.823752128681611 2.0
3.73168481561515 4.0
2.8882428548222885 3.0
3.2578740891541313 4.0
2.033250530346626 4.0
3.194071846821851 4.0
3.3189890548655443 4.0
4.098537777978562 3.0
4.242437833830174 4.0
3.181533730158197 4.0
3.7616797964659696 3.0
2.931357852577479 4.0
3.586205232032164 4.0
2.579322743291952 0.0
3.549221710716335 4.0
1.105811888724424 1.0
3.845374151788075 4.0
2.8510791464587095 4.0
1.2289073200945033 0.0
3.3076434495310414 3.0
2.918347784270151 4.0
1.8426245730851587 0.0
1.5905410955899777 1.0
4.272221715046527 4.0
4.069801032242121 4.0
2.4308014486598353 0.0
3.501364557195564 4.0
3.087156383321539 3.0
3.27050051513417 4.0
1.6916752648966704 0.0
4.027760489573534 4.0
1.4379008860194098 2.0
4.284581368749919 4.0
3.542665074877868 2.0
2.995844886223984 3.0
2.789896607358096 4.0
2.9788520594548373 3.0
2.9382440568250408 4.0
3.1022825953817783 4.0
3.5148935688098257 4.0
2.8157531252084924 3.0
3.108317562474846 3.0
4.392937303439993 4.0
3.71478348843494 4.0
1.7590174021982476 0.0
3.7585705415764856 4.0
3.652529135771566 4.0
3.8711177472236384 4.0
1.3312533337835992 0.0
0.9528202880178824 1.0
3.7764020739698134 4.0
3.0500262544559904 3.0
3.4773099722247833 4.0
3.2396283406256376 4.0
3.322281232148315 4.0
1.1537422763205814 0.0
3.047563375270152 3.0
3.563527002649039 4.0
3.0433344012084564 3.0
3.9274278139362053 4.0
-0.7602779375510242 0.0
4.3311706698213515 4.0
4.204494227661886 4.0
3.134339910308128 4.0
2.0703313144218685 3.0
3.740533051165972 3.0
2.4454948046878764 2.0
3.1281987609791244 3.0
3.398725106220337 3.0
4.00504285867863 4.0
2.664552293272904 4.0
3.2997641940707103 4.0
1.3992768868312715 3.0
4.133000761612398 4.0
3.619668165311282 4.0
3.1388631657726407 4.0
3.4170622398900363 4.0
4.5194430257511415 4.0
2.8666241110548 3.0
3.5126198264642534 3.0
4.173964645314758 4.0
2.959689322232342 2.0
1.709001115810342 0.0
2.836229411073951 4.0
2.2525782693870813 1.0
1.858000192400731 4.0
3.1864377964021076 3.0
4.120390642192188 3.0
2.7790895877392225 2.0
2.735226949656079 1.0
2.5984206352001085 3.0
2.9921095542436698 1.0
2.6703297769437313 3.0
2.172769767584092 3.0
3.111087739442298 2.0
3.833203019068619 4.0
3.939322216098165 4.0
1.8047022892954714 1.0
4.327709661725468 4.0
2.961088630131565 3.0
3.3853396850305932 4.0
3.6528847262145723 4.0
3.93510650312598 4.0
2.4844066187142424 1.0
3.5911366788285166 4.0
-0.49716048381210776 0.0
0.9586212773835903 1.0
3.0464918605691276 4.0
3.615898108472325 4.0
3.610138801223636 4.0
3.507937013727636 3.0
4.048036640916848 4.0
4.248121305050449 4.0
0.9093781450013263 1.0
3.86153542529979 4.0
3.464185937993676 4.0
3.2391187405912545 4.0
3.406966794267251 4.0
2.290538545734959 1.0
4.132156128774636 4.0
3.8769275588760284 4.0
3.895356937513049 4.0
2.4240564137106215 1.0
3.235396610153944 3.0
3.0700901966481133 3.0
3.65486418924833 4.0
2.3417618566757756 0.0
2.8522674447793994 3.0
3.1308382472704483 4.0
4.140983219514785 4.0
3.7374603411110927 4.0
1.3006440825874113 2.0
0.9528494226395776 1.0
2.534282295317733 3.0
1.675005092382575 0.0
3.842823391182722 4.0
3.6619748120734945 4.0
2.7210801336513217 4.0
4.123094779828914 4.0
2.78120549148146 3.0
3.7270929150201164 4.0
3.8703346171879005 4.0
2.5469296300853124 2.0
3.741259460258185 4.0
4.047827211944675 4.0
3.1601116630973802 3.0
3.5074341350574345 4.0
2.8141355771855263 3.0
2.776729824796046 1.0
1.7831913166695794 3.0
3.0640884761783127 3.0
3.5071716241225914 3.0
1.4752917776686902 0.0
2.7813036062184597 2.0
3.953252695531747 4.0
4.427623940775805 4.0
2.0351887338686163 3.0
4.00229892079245 4.0
2.3367891651446815 3.0
3.228928960824364 4.0
4.059717188905515 4.0
2.8385000475355975 4.0
3.6353917144016474 4.0
3.24277873974176 3.0
4.010735722445488 4.0
3.179771152330736 3.0
3.9057035343677926 4.0
3.5658555039582343 3.0
3.6137947357377875 4.0
3.972003505445713 4.0
2.70172077343054 3.0
3.90812857757997 4.0
4.319341826358386 4.0
4.045382996764367 4.0
4.16662866279974 3.0
3.6386656723591493 4.0
2.7709574352148287 4.0
3.5908728320213568 2.0
2.0986482813766925 1.0
2.349217095084809 3.0
3.525080753013399 4.0
4.019874288456381 4.0
2.5540983964777935 1.0
3.898616418799162 4.0
1.609329165972766 2.0
0.9018912621111319 2.0
2.8608074683693303 4.0
3.5668828115537785 4.0
3.925542127595026 4.0
0.8158459417790769 0.0
2.4110386721878747 2.0
2.596257242848214 0.0
4.0979280186604115 4.0
2.3069137021647084 3.0
2.622731733111177 4.0
3.1385969832994984 4.0
3.562718389710332 4.0
2.9879027633005517 2.0
3.7357384681630466 4.0
3.3685412634652447 4.0
3.9857716813067245 4.0
2.877723722321564 3.0
3.5185547091192424 4.0
3.773973542881878 4.0
3.020067737829235 3.0
2.17303874091688 1.0
4.243408155068719 4.0
1.5002876344687928 0.0
3.507051910002371 4.0
1.8492483227840095 1.0
4.0129263660168615 4.0
2.787248010716465 3.0
0.07122090806361703 0.0
2.571462863926781 4.0
2.413310395536687 4.0
1.476624836438357 1.0
3.1760661304120132 4.0
1.6186825471679702 0.0
1.7640472319025737 4.0
2.5983353038921875 4.0
3.4340234160954592 4.0
1.0443171021843343 2.0
1.084197594044602 1.0
2.9415401282275804 4.0
2.2916064992894274 1.0
3.144438399865214 4.0
2.2560225027822582 4.0
1.7641737572022946 2.0
3.584754020233854 4.0