4.102870610112906 5.0
4.681215969155544 5.0
4.71195773284648 5.0
4.335500390221144 5.0
3.66561501463348 5.0
5.633344415694781 5.0
3.75304223546044 5.0
5.280533597772285 5.0
5.497170089366276 5.0
5.80642044904609 5.0
2.5286437992934787 2.0
3.1864325658359776 2.0
3.79894646948366 2.0
5.378128979146156 2.0
3.450268155179605 2.0
3.8091593635598944 5.0
3.315509798007896 5.0
5.087080013273411 5.0
5.2363224703000295 5.0
5.684138798468464 5.0
3.2490683570217715 4.0
4.281532857171547 4.0
2.890898327521431 4.0
5.376139813307811 4.0
2.9604333502676514 4.0
2.8687739516952258 3.0
2.400863960821167 3.0
3.053967636606819 3.0
3.2825617410560644 3.0
2.3549392485206195 3.0
5.180944613258626 5.0
6.192906734952329 5.0
5.2622476052838705 5.0
6.057898465085867 5.0
5.199822904498189 5.0
4.558658804153204 4.0
4.6142132868407915 4.0
5.467909541231275 4.0
3.69362036805513 4.0
5.3827871546825055 4.0
3.022570959656014 2.0
2.2852974846313483 2.0
2.441635184210415 2.0
4.191074668379866 2.0
3.3208222631517375 2.0
2.812112315907428 6.0
6.288606684858732 6.0
3.530018048575514 6.0
5.361559371169547 6.0
5.612267241810757 6.0
3.788053693319068 5.0
3.921487328628554 5.0
4.54498746414827 5.0
3.13551183068855 5.0
1.924396811719534 5.0
4.383793495202946 3.0
3.9167413066261436 3.0
5.241032314181787 3.0
5.983782891526805 3.0
5.287079770233561 3.0
4.030788032410301 5.0
4.595256750436962 5.0
5.5935025979253865 5.0
6.197434243794263 5.0
5.100453638144644 5.0
4.527773167533597 4.0
2.981877586092734 4.0
2.7122946887143695 4.0
4.096957209539678 4.0
3.6590671311356733 4.0
3.174835738448747 3.0
3.0708565289258543 3.0
4.025108163632367 3.0
3.023982547721055 3.0
2.918481532865881 3.0
4.774456934499487 4.0
3.873470032251717 4.0
5.375941011531391 4.0
3.4382451904578795 4.0
5.4570912552500355 4.0
4.174518581848532 3.0
3.791961432382934 3.0
3.1112102261707983 3.0
3.2015034204405493 3.0
5.1204554977376215 3.0
5.308321534732328 4.0
4.888572016819649 4.0
4.440706867779041 4.0
4.960240951062243 4.0
4.801198282849348 4.0
2.9460228008978304 4.0
3.890048490675852 4.0
1.7496939881557043 4.0
1.6037366602252079 4.0
2.2015862307025866 4.0
3.3382358585281846 3.0
3.94021778944071 3.0
3.9362656022621203 3.0
3.8586234659864345 3.0
3.357501770132203 3.0
6.101798546596718 6.0
5.877894297578182 6.0
5.599904572537818 6.0
4.99054335257986 6.0
4.813645375601967 6.0
2.777900106894305 1.0
2.468869958903414 1.0
6.101433719015646 1.0
4.897454853043423 1.0
5.511740722174614 1.0
4.812914458197464 6.0
3.269744502021879 6.0
5.775088973370168 6.0
3.045101724340576 6.0
5.780928417471887 6.0
3.0831060218169744 5.0
5.270135710708296 5.0
5.236926648723624 5.0
6.07714601307951 5.0
5.138258332836148 5.0
3.6141157978011074 4.0
5.882481261539055 4.0
5.78334557147753 4.0
5.718525585037683 4.0
6.180330119710094 4.0
4.863994083964804 5.0
6.4290413798945805 5.0
4.938709605956871 5.0
5.4201190454712 5.0
3.8442406541169105 5.0
4.834513862454332 5.0
5.953262174679985 5.0
5.004934647089262 5.0
4.901993410071205 5.0
3.8977431789210173 5.0
4.414040252386839 5.0
3.9653575830074206 5.0
5.350273574631119 5.0
5.278012166086439 5.0
5.6602111353459 5.0
4.009636485098913 7.0
4.879262400003337 7.0
5.447510009922105 7.0
6.238905739899432 7.0
4.966099544845257 7.0
3.776025630307907 5.0
6.230362746868366 5.0
5.584428747867772 5.0
4.342607831401642 5.0
5.269315800435737 5.0
3.719752499446843 3.0
4.883809806092482 3.0
4.431637643763234 3.0
5.113013635487379 3.0
5.242601040993733 3.0
3.962389101734628 5.0
5.780648962461497 5.0
6.155397712273912 5.0
6.26686261026768 5.0
5.009165901585382 5.0
3.3727204959525494 4.0
4.248453736672677 4.0
5.101262193720579 4.0
5.2514103020836735 4.0
4.22304925209106 4.0
6.2199005336337 5.0
4.897175311318078 5.0
5.490414027814366 5.0
4.842989341196368 5.0
5.072739686815904 5.0
3.656648503123566 5.0
4.688734491177497 5.0
3.686013612378369 5.0
5.6532237528639575 5.0
4.126702699347269 5.0
4.862746669948538 3.0
4.023163118430833 3.0
5.489409427318141 3.0
3.8813592216584847 3.0
5.696167089473564 3.0
4.260808116499872 6.0
5.896342596562628 6.0
6.112370630268917 6.0
6.004333108279745 6.0
5.992402056159736 6.0
4.9696522178945335 5.0
5.779052437138294 5.0
4.937474855347755 5.0
5.430398032073986 5.0
5.108763749222458 5.0
4.6612615962059865 4.0
4.457045860281159 4.0
4.687093917523944 4.0
5.076779376452587 4.0
4.878319219579917 4.0
5.354347751041759 5.0
4.00487936190606 5.0
5.064430663546015 5.0
5.871727579784574 5.0
5.496589204452593 5.0
4.837941347640375 6.0
6.073421107913245 6.0
5.211005825645469 6.0
5.857936734164401 6.0
4.115848209011658 6.0
3.960542442620508 3.0
2.322207883223941 3.0
3.828154565312968 3.0
3.262362371961459 3.0
3.427312562836348 3.0
3.6214770456367686 4.0
2.865792974704212 4.0
3.380163619029749 4.0
2.5735075907438496 4.0
1.6346056119504615 4.0
4.408752475451986 6.0
4.603340831120009 6.0
5.608338119138422 6.0
4.678414677482076 6.0
5.6598641727779855 6.0
3.972189289941558 5.0
3.457949871164859 5.0
5.541548358584273 5.0
5.84320789171267 5.0
6.2201143032527435 5.0
4.611485130519256 5.0
4.096907331908383 5.0
5.651719407561153 5.0
4.609974103345451 5.0
2.792951017488947 7.0
4.925900076453883 7.0
4.676195133735687 7.0
6.315506825826447 7.0
5.785326357744902 7.0
2.1446318517191756 1.0
3.474090076786171 1.0
4.522661957206855 1.0
5.8202043180475895 5.0
3.7140962437642306 5.0
4.757839450357659 5.0
4.502317653593472 5.0
2.776224237893244 5.0
5.373308838408567 6.0
5.0810594556148425 6.0
6.313026281614494 6.0
4.95093319925528 6.0
6.145013260829566 6.0
3.853080660358478 4.0
5.533437448149261 4.0
5.267211799277945 4.0
3.507510934993023 4.0
4.76652363854581 4.0
5.611388167739546 4.0
5.714428309717692 4.0
5.194037543009088 4.0
5.560453761241658 4.0
5.374730288335543 4.0
2.3220875770156804 3.0
4.602234123641266 3.0
4.468070756529682 3.0
3.6491026543957688 3.0
5.128629848908987 3.0
3.388212737517007 3.0
4.778444611649252 3.0
4.96712828117222 3.0
6.463240132442476 3.0
4.9533684223309535 7.0
6.304628842649742 7.0
6.352428534428191 7.0
5.9151130401227405 7.0
6.491682150344131 7.0
4.620278470431785 4.0
4.091587815275032 4.0
4.794918459824394 4.0
4.468791807138842 4.0
4.837555518630493 4.0
2.218487006175584 5.0
4.178265181453609 5.0
3.574137878066083 5.0
4.867000660493992 5.0
3.5145988372857184 5.0
6.539631450816893 5.0
5.149575753110107 5.0
6.083839362840862 5.0
5.197515053875433 5.0
5.799856757467933 5.0
1.9468066925175584 4.0
4.4050564504539285 4.0
4.1772336316191865 4.0
2.541052179791878 4.0
5.275599394203501 4.0
3.5491384211708787 3.0
3.7443738905965893 3.0
2.2113244679364534 3.0
3.9319165887069683 3.0
4.644838000669393 3.0
4.414890963565175 5.0
3.8728974469531976 5.0
3.921568920346802 5.0
2.9111734991771594 5.0
3.754526506433762 5.0
4.02141216204875 4.0
2.155675291582688 4.0
2.8712046677716105 4.0
4.764762967177337 4.0
4.2390157743936925 4.0
2.660295765094035 6.0
4.737543517189111 6.0
4.556785380398064 6.0
5.605649773976781 6.0
3.4025769951393743 6.0
4.771568323105608 1.0
2.5707130041178385 1.0
3.4665494400651893 1.0
2.3571251376135893 1.0
4.285475912775239 1.0
2.094867461482194 0.0
2.4939212483638658 0.0
2.9406826569692655 0.0
1.6190995463988866 0.0
2.097114913422706 0.0
6.380246131641544 5.0
5.007964695002089 5.0
6.275688394867475 5.0
5.1281752568893575 5.0
4.526429507093727 5.0
2.5843936114475716 1.0
1.8829746995528223 1.0
2.8935146461818486 1.0
0.69011084571517 1.0
1.0570014104340426 1.0
3.146051982624436 2.0
0.6989691128643581 2.0
2.3425828285523775 2.0
0.7498177785817663 2.0
2.096524812206402 2.0
5.199471755636947 5.0
2.1665141934897836 5.0
5.057399780625366 5.0
3.2755534460365827 5.0
2.4199487878356423 5.0
4.684805519145613 5.0
4.568897995082174 5.0
3.9944004434673133 5.0
5.3465753890338545 5.0
4.321283178433911 5.0
5.129011294174809 4.0
2.7539147869203524 4.0
5.211719012034128 4.0
1.9810351941580826 4.0
3.387890266431294 4.0
0.6621493586606573 0.0
1.6312073801697702 0.0
0.8651745989354561 0.0
0.3846681014747815 0.0
0.9250176582576546 0.0
2.4827441685701186 0.0
2.105734707040236 0.0
0.9643335212279938 0.0
1.55684039961067 0.0
1.9005234905206165 0.0
1.448723216944895 2.0
2.5672763188433847 2.0
2.557003147778524 2.0
1.5205735805401288 2.0
2.2887012031562004 2.0
2.6048959562788783 3.0
2.4276881714434024 3.0
1.9923698088285817 3.0
1.398838151954085 3.0
2.9182592640422005 3.0
2.8642130776482353 1.0
3.1369718689999635 1.0
2.6620425422641074 1.0
3.7424794855332943 1.0
3.5399041638747515 1.0
3.5179215054995843 3.0
3.3049681926366343 3.0
3.3135186536174244 3.0
2.3117214371698243 3.0
2.4386481610799122 3.0
4.549912291062973 4.0
4.690158635672585 4.0
5.037535117459409 4.0
4.250288307244234 4.0
5.331846574231843 4.0
4.42935990135616 4.0
4.410451347453589 4.0
5.449424649813666 4.0
3.7152156390889286 4.0
2.596430629413671 4.0
2.3084948642389422 5.0
2.5967517513783998 5.0
5.629797640180567 5.0
6.46077549719327 5.0
5.475036198123384 5.0
3.2786687804786663 3.0
3.691274711366521 3.0
3.0356520344257394 3.0
3.40959018987207 3.0
3.464820740212841 3.0
2.8169468565944906 3.0
3.7927111375132516 3.0
3.774153553401388 3.0
2.694370640896135 3.0
3.068061956993099 3.0
4.923016779322266 5.0
3.8280189187844207 5.0
4.5940684610017115 5.0
6.037830890721225 5.0
5.045531977591532 5.0
2.254611056672609 3.0
4.653526938667904 3.0
1.9045679094943666 3.0
2.263833689559813 3.0
2.582210569412646 3.0
3.5258414315296362 3.0
2.744773599514371 3.0
3.01379918321223 3.0
2.4094353132670183 3.0
3.693740464897984 3.0
3.146289050162789 2.0
4.426748389254473 2.0
3.1555884969697074 2.0
3.7889169127247917 2.0
5.324296616029473 2.0
3.564906189120395 7.0
3.0074299145735184 7.0
5.3488206837011045 7.0
5.895444467439101 7.0
3.8480640686495513 7.0
2.905184727277606 5.0
4.523114393670095 5.0
4.047273577719629 5.0
5.575890792837821 5.0
3.962857365413861 5.0
4.442923761734592 1.0
3.8773596131213113 1.0
2.8009887260097783 1.0
5.144869264925939 1.0
3.527528587278949 1.0
2.5777254006249652 3.0
3.845994702583398 3.0
3.146988758605401 3.0
4.392787587491783 3.0
2.309872969491293 3.0
3.228602487234396 4.0
5.149767637967811 4.0
3.8942635402939736 4.0
5.001052532637678 4.0
4.572630948732851 4.0
4.003588075713684 4.0
4.990550398389282 4.0
5.461849362106194 4.0
5.645155379860422 4.0
3.9410502484672096 4.0
3.5145860841704604 4.0
3.0452200428478964 4.0
4.618396294295859 4.0
4.574263339961019 4.0
5.807085305610901 4.0
3.6778824660702116 2.0
3.795240895452163 2.0
3.9294762412758057 2.0
3.6953340703037205 2.0
1.5013596861006562 2.0
3.533898543178329 2.0
1.7294573773841955 2.0
4.927522994125387 2.0
3.659412174992281 2.0
1.9812020365322232 2.0
1.372381875903219 0.0
2.81357204668531 0.0
1.624508590785748 0.0
2.2321224108518236 0.0
2.9962222090992174 0.0
2.685668452381797 3.0
4.169073620472807 3.0
2.4076170106340777 3.0
1.8740337867211763 3.0
1.9280383151389109 3.0
2.190063400429192 1.0
1.7692499332803808 1.0
0.6699723298090604 1.0
1.9050919617817261 1.0
0.7215985284211172 1.0
1.2630454345203512 0.0
2.403248199904432 0.0
1.5020917849187232 0.0
1.1452940712602486 0.0
3.117716232290038 0.0
1.3716879239083397 0.0
0.8578629201648594 0.0
2.3723587146888274 0.0
3.659904994789767 0.0
0.71737325716262 0.0
1.9575316833285872 4.0
3.7938309133513077 4.0
4.684874794790083 4.0
4.22452612604709 4.0
4.532208983761944 4.0
2.5269037689759433 5.0
4.784805979404215 5.0
4.796675451289372 5.0
5.167901726178169 5.0
3.623430381069621 5.0
4.677619113259192 4.0
1.753978779254738 4.0
3.90093291301989 4.0
3.2014605047421547 4.0
2.169070981227697 4.0
3.064973070065778 5.0
4.672287857163835 5.0
4.064891323307799 5.0
5.172426427083123 5.0
4.58350585896508 5.0
4.452233102687757 3.0
4.3529394901436005 3.0
4.950687498316312 3.0
4.425380781381029 3.0
3.741945419483442 3.0
3.5718096361323615 5.0
3.9138118685212997 5.0
5.649928189155422 5.0
4.313073996872165 5.0
5.038956962081888 5.0
3.3671519234280542 1.0
2.2818776493806965 1.0
2.483082052474412 1.0
0.8732642267129366 1.0
1.9519627639924961 1.0
3.80637777923418 3.0
4.172133220632615 3.0
2.3415810151446683 3.0
4.219694419529752 3.0
4.85299283269267 3.0
3.736717390577927 2.0
3.0923300976496164 2.0
4.527128765852285 2.0
1.9301144002863575 2.0
4.259003007144996 2.0
5.225715723271598 4.0
3.5250275999209375 4.0
2.953741158290183 4.0
3.2365606066650767 4.0
3.1243199961303603 4.0
3.221412066308332 5.0
4.29163153225155 5.0
4.22401264985004 5.0
3.143576197935908 5.0
2.9300195446550994 5.0
4.151291206771613 3.0
4.147828370921419 3.0
3.814511306010125 3.0
4.32668903030261 3.0
3.6441029635896083 3.0
4.4235035484098715 4.0
3.69182337841185 4.0
4.226602912448854 4.0
5.08676589300855 4.0
4.563205277412198 4.0
2.6253024045149087 2.0
3.557090524007811 2.0
2.2535376064703105 2.0
3.7254347313453002 2.0
3.013788692048061 5.0
2.331874038338368 5.0
4.229672353163584 5.0
4.336711447987122 5.0
4.242150676688749 5.0
3.6992965385420056 7.0
6.3662880134472655 7.0
6.194168613433904 7.0
6.307982239818715 7.0
5.561302926169429 7.0
2.148536253350825 6.0
5.699898472987329 6.0
5.722708819093795 6.0
5.731845941136489 6.0
4.8983704291155545 6.0
5.7596518386716 5.0
4.232512187312146 5.0
5.302481665336779 5.0
4.546840887728083 5.0
4.916563284824063 5.0
4.0249529944122315 4.0
4.288163832455648 4.0
5.913656987698655 4.0
4.25947408399972 4.0
2.11042826583726 4.0
3.936810690476807 6.0
4.711355819232836 6.0
5.975927146564122 6.0
4.604837844322102 6.0
5.1351782772175 6.0
0.9158498060313471 3.0
2.375912848600959 3.0
2.238428032521247 3.0
3.004426409583842 3.0
1.3886922003656976 3.0
2.8470074604869833 3.0
2.8065148590902544 3.0
3.475171401981005 3.0
2.667158850942686 3.0
4.736072093875765 3.0
3.7212825550142132 5.0
3.532257452258031 5.0
3.61632384268972 5.0
4.236454530666408 5.0
3.330565950564397 5.0
3.5856516577667685 2.0
2.0275129171260056 2.0
1.970911971791848 2.0
2.6247769171630853 2.0
4.204974717849293 2.0
3.0659565449362884 2.0
2.964209462418301 2.0
1.7387633917376202 2.0
2.066700064464783 2.0
1.4442495060556368 2.0
4.929802707872975 4.0
4.214290645924026 4.0
2.8682763645866896 4.0
2.9635888876630694 4.0
3.484113459495249 4.0
3.2748759878849656 4.0
2.8897936562838735 4.0
3.083871904986391 4.0
2.2386579863499976 4.0
3.925748930902038 4.0
4.111847177630426 4.0
2.2733032875827752 4.0
3.6985847579243605 4.0
3.67727827020331 4.0
2.787127902025462 4.0
2.379609083669395 4.0
3.717691773549073 4.0
3.8583299160153888 4.0
4.276781851686637 4.0
2.827909408076751 4.0
4.002995975429157 4.0
3.437264987849266 4.0
3.262144129394923 4.0
3.358472869634042 4.0
4.422246839106652 4.0
3.2816873772553286 4.0
1.6398586243989774 4.0
1.6900778439306092 4.0
3.3383173952416834 4.0
1.8442830019202896 4.0
3.772949275241421 4.0
4.217688522409259 4.0
4.721031169869474 4.0
4.856885124816726 4.0
3.8756842383189793 4.0
2.4163229514987816 4.0
3.030356596437043 4.0
4.420738365921656 4.0
3.664045937475143 4.0
4.298134217389242 3.0
4.325092560361758 3.0
0.8224929783218914 3.0
2.143815526758054 3.0
2.862225323382956 3.0
4.266427110946248 4.0
2.6457239280310176 4.0
3.0801480305505344 4.0
4.146935939630263 4.0
2.7331007711726447 4.0
2.859600738597339 1.0
3.207509824102005 1.0
3.529114842108872 1.0
2.2372808132558566 1.0
2.5902519289152894 1.0
3.5141137706414045 0.0
2.8066472511661966 0.0
2.68395326834117 0.0
4.277989498823515 0.0
2.7655182912721252 0.0
3.493882953245053 5.0
4.908345752279149 5.0
4.580074189497961 5.0
5.4422341749432634 5.0
2.738799378893758 5.0
2.9817673028110585 3.0
1.9667970520432678 3.0
4.310721337055539 3.0
3.4515210081881036 3.0
3.868077277230801 3.0
4.522599354765217 4.0
4.046756663013732 4.0
5.0256881463784575 4.0
5.223395299777371 4.0
5.233819444075256 4.0
3.4053554765247998 2.0
3.1152924355908667 2.0
4.401749468352787 2.0
1.8200277850236974 2.0
3.6562850108405858 2.0
3.3472987691416964 3.0
2.37779936801626 3.0
4.020300425247303 3.0
2.0762583637204624 3.0
2.2361598479334863 3.0
3.1235791977908036 5.0
4.045360944103528 5.0
2.4393903497117297 5.0
5.086474934474754 5.0
4.610873196129481 5.0
4.782564807688881 3.0
3.893951631632185 3.0
3.735391341173833 3.0
3.202087176659831 3.0
3.098733321929478 3.0
3.4691275188421278 3.0
3.2814599386971697 3.0
2.3410273921842015 3.0
4.5321659905039855 3.0
4.884646878367381 3.0
2.7645392144612115 5.0
2.709875883969682 5.0
3.155899416379958 5.0
4.31933398030679 5.0
3.645614630036881 5.0
3.589155376847347 3.0
3.805631375262454 3.0
4.496922866832424 3.0
4.109293314367728 3.0
2.1807781538634265 3.0
2.7208693195115554 3.0
1.787448389524921 3.0
2.409177060048779 3.0
2.1876644522917044 3.0
2.32480117140137 3.0
2.984328004123422 3.0
3.230926673424621 3.0
4.214279592735917 3.0
3.3457701183219095 3.0
2.283265152156374 3.0
2.7634961093901147 5.0
4.343736304473331 5.0
5.711141595361452 5.0
4.994929865803122 5.0
3.2530311452194343 5.0
4.063871757063219 4.0
4.123470531244657 4.0
5.6532379085115405 4.0
3.2789720291753497 4.0
5.582373706391636 4.0
3.410701665393568 3.0
2.181187889812348 3.0
2.7771670122845897 3.0
3.6394981494739183 3.0
1.51101130647367 3.0
3.436004008712182 4.0
3.513235498294381 4.0
4.354872359474704 4.0
4.773968267322428 4.0
3.041045740004836 4.0
4.50974282653925 6.0
3.156163666947407 6.0
1.948882805687388 6.0
3.191590572048817 6.0
2.0960642628735933 6.0
4.018290081923784 2.0
2.3334626888470544 2.0
2.362229891349895 2.0
2.447796446260769 2.0
1.5554906599516698 2.0
2.45366236219534 4.0
2.5578499201499767 4.0
2.9944174943042503 4.0
2.6751400248264554 4.0
3.490081245928835 4.0
2.3621520466203 3.0
2.267134221847701 3.0
2.012195736404753 3.0
3.2682124236721175 3.0
4.545554844141822 3.0
2.9946568284514945 4.0
2.183291070316087 4.0
3.388475019760174 4.0
3.105770743854082 4.0
4.628186736436623 4.0
3.1819953100743446 5.0
3.01954414269543 5.0
1.7370393988785575 5.0
3.4420877926015128 5.0
4.536316703678689 5.0
3.787082526775527 2.0
3.81356886785878 2.0
1.5334797986604731 2.0
1.0522369450511881 2.0
3.252096804575187 2.0
3.867415986611108 4.0
3.723930189032093 4.0
5.423404510763796 4.0
5.810419311248287 4.0
4.3847567583345475 4.0
2.908946282669341 3.0
2.439818709602611 3.0
3.85351057035286 3.0
2.1742307458807586 3.0
2.0749015895726295 3.0
2.689240752946282 2.0
2.757230469201187 2.0
4.226533348301827 2.0
2.8636136122625815 2.0
1.6357278452755206 2.0
2.219939786639514 3.0
2.5311044354805325 3.0
1.964472304892263 3.0
3.660431128968636 3.0
3.709559546513671 3.0
2.602868103089243 1.0
0.717381619949004 1.0
1.715725696830587 1.0
1.876323464813626 1.0
1.362291092280269 1.0
2.753045146757248 2.0
2.3288250984655976 2.0
2.1693612044196007 2.0
1.870458089662261 2.0
2.8710400042059345 2.0
3.069807385903417 4.0
2.6200308545172524 4.0
3.1176463407702855 4.0
3.4210028024671963 4.0
2.798395657568571 4.0
3.2847310691320044 5.0
2.810403504205126 5.0
3.1657252372509546 5.0
3.5300406129726114 5.0
3.483068556244568 5.0
3.2860061297663554 4.0
3.6360976163956944 4.0
3.777920872586305 4.0
4.477119168336948 4.0
2.610509531060936 4.0
3.056743702459824 5.0
3.289524009542714 5.0
3.3180212607204704 5.0
4.818827550880766 5.0
4.016414709798246 5.0
2.619228326064864 3.0
3.1073801554849148 3.0
2.8020744712899024 3.0
1.9889589280685256 3.0
2.843469745104808 3.0
3.0951654184427215 4.0
2.832576474693275 4.0
2.4156461382108163 4.0
2.7215271565566694 4.0
2.68306285108057 4.0
2.558500579541565 3.0
1.2408872099785344 3.0
1.7003626149137459 3.0
4.0627792467338875 3.0
2.417290656599112 3.0
1.8383095542265933 3.0
1.6300908598975385 3.0
1.9500653326895008 3.0
1.8625970797110538 3.0
2.209778195606773 3.0
1.1904738315962182 1.0
2.2781158019901486 1.0
2.577747800391723 1.0
1.6252673526158699 1.0
3.2027612918478314 1.0
2.8727760615009763 3.0
2.8770139699488646 3.0
3.402322436073188 3.0
2.314161404222435 3.0
3.8031353784743795 3.0
2.7483492359827806 5.0
3.450276664864734 5.0
5.6242046268795285 5.0
5.883814126648297 5.0
5.285173441853212 5.0
2.0905726815604018 3.0
1.881721318740372 3.0
1.5440809141879317 3.0
1.2124510801868582 3.0
1.211778948320472 3.0
2.5057969727253293 2.0
2.247242159084915 2.0
2.192025970893515 2.0
1.9927051872349766 2.0
1.9981479977513321 2.0
1.8844619315976359 3.0
2.411875249932702 3.0
1.1148552255311235 3.0
2.2410322432728176 3.0
4.404346775070037 3.0
2.980269318333555 3.0
1.9868366496141103 3.0
1.5968488039994568 3.0
1.91221877868311 3.0
2.631446931551377 3.0
2.1468367455813686 3.0
2.9878495012629727 3.0
3.4322283062641983 3.0
3.316687942771564 3.0
2.9744424938245615 3.0
2.0910361571410334 1.0
2.6978687054219623 1.0
1.291513956208129 1.0
3.5522301377495795 1.0
1.3212794067393654 1.0
1.2106890802847199 0.0
2.7388167964142065 0.0
1.9676399602269923 0.0
1.8844829793505433 0.0
1.8469074907788268 0.0
1.2610921145086935 1.0
1.010872006928081 1.0
2.6121713251883287 1.0
1.1593078125496818 1.0
2.8517793529196864 1.0
3.5488093601723727 1.0
1.3181180001505155 1.0
3.257000006822823 1.0
2.260493665024407 1.0
2.324123965146015 1.0
2.24900011083955 2.0
1.290614194409589 2.0
1.8875672360876496 2.0
1.7858298224502245 2.0
1.7551042927767466 2.0
0.9851854349085866 1.0
1.0354912856237113 1.0
0.9674163959567805 1.0
0.6089532661888724 1.0
1.5895638634340818 1.0
4.231109457828906 3.0
3.345859893503318 3.0
2.547058229545993 3.0
4.474173919716618 3.0
2.127936968978114 3.0